# TStellate2_CT2 Optimisation
# Tue Jun 18 15:08:51 EST 2013
 
#param.w.x[lsr][ts] = 0.00400544	[1e-07,0.3]
#param.w.x[hsr][ts] = 0.00117195	[1e-07,0.3]
#param.w.x[ds][ts] = 0.000220428	[1e-07,0.3]
#param.w.x[tv][ts] = 1.10247e-06	[1e-07,0.3]
#param.w.x[glg][ts] = 0.00126076	[1e-07,0.3]
#param.ts_gleak = 0.000643924	[5e-05,0.005]
#param.ts_erev = -62.9	[0.03,0.08]
# final error=90.996396
# Threshold level 10 
# Threshold rate 550 
# TS exemplar RMP -60.9
# TS exemplar CF 9100
# Time	 IV @spl=20 (mV)	 IV @spl=30 (mV)	 IV @spl=40 (mV)
-20.00	-65.000000	-65.000000	-65.000000
-19.90	-64.832138	-64.832138	-64.832138
-19.80	-64.675826	-64.675826	-64.675826
-19.70	-64.530160	-64.530160	-64.530160
-19.60	-64.394432	-64.394432	-64.394432
-19.50	-64.267995	-64.267995	-64.267995
-19.40	-64.150249	-64.150249	-64.150249
-19.30	-64.040630	-64.040630	-64.040630
-19.20	-63.938544	-63.938544	-63.938544
-19.10	-63.816792	-63.843486	-63.816792
-19.00	-63.710057	-63.754996	-63.710057
-18.90	-63.615583	-63.672649	-63.615583
-18.80	-63.531302	-63.489704	-63.504717
-18.70	-63.429085	-63.293072	-63.410863
-18.60	-63.290059	-63.116005	-63.330471
-18.50	-63.153727	-62.929088	-63.260905
-18.40	-63.021177	-62.764350	-63.200179
-18.30	-62.868010	-62.617504	-63.120291
-18.20	-62.754618	-62.512000	-63.054806
-18.10	-62.670531	-62.411520	-62.921970
-18.00	-62.608378	-62.240119	-62.770183
-17.90	-62.562843	-62.124052	-62.556593
-17.80	-62.530029	-61.994968	-62.300713
-17.70	-62.480665	-61.910291	-62.071461
-17.60	-62.447117	-61.780094	-61.889744
-17.50	-62.399059	-61.672073	-61.718992
-17.40	-62.343058	-61.555266	-61.558466
-17.30	-62.255973	-61.460378	-61.459063
-17.20	-62.199243	-61.383394	-61.354438
-17.10	-62.112193	-61.295087	-61.271592
-17.00	-62.031772	-61.251966	-61.206022
-16.90	-61.957423	-61.241802	-61.179683
-16.80	-61.889166	-61.153483	-61.131050
-16.70	-61.852364	-60.986547	-61.042775
-16.60	-61.785715	-60.893448	-60.929948
-16.50	-61.700489	-60.778628	-60.773059
-16.40	-61.603894	-60.698062	-60.559400
-16.30	-61.500258	-60.591681	-60.336207
-16.20	-61.419237	-60.492548	-60.135358
-16.10	-61.251421	-60.402764	-60.004643
-16.00	-61.079270	-60.294814	-59.900418
-15.90	-60.902704	-60.201214	-59.841306
-15.80	-60.772823	-60.042141	-59.739558
-15.70	-60.677969	-59.842661	-59.659196
-15.60	-60.584630	-59.693477	-59.642308
-15.50	-60.497493	-59.580480	-59.546549
-15.40	-60.384517	-59.518103	-59.472765
-15.30	-60.278966	-59.518987	-59.438821
-15.20	-60.132157	-59.490972	-59.411036
-15.10	-60.057787	-59.495136	-59.386670
-15.00	-59.961409	-59.495984	-59.365548
-14.90	-59.924956	-59.518556	-59.322581
-14.80	-59.907388	-59.532352	-59.315488
-14.70	-59.878244	-59.563982	-59.310548
-14.60	-59.895536	-59.512769	-59.260806
-14.50	-59.922448	-59.520387	-59.252490
-14.40	-59.956857	-59.493228	-59.246005
-14.30	-59.977112	-59.491190	-59.264560
-14.20	-60.032316	-59.530620	-59.275715
-14.10	-60.086949	-59.526038	-59.308759
-14.00	-60.095616	-59.515096	-59.332686
-13.90	-60.100258	-59.526854	-59.326551
-13.80	-60.151171	-59.533204	-59.300655
-13.70	-60.209816	-59.537687	-59.334585
-13.60	-60.226745	-59.538426	-59.361394
-13.50	-60.235503	-59.582574	-59.432777
-13.40	-60.288385	-59.634703	-59.458481
-13.30	-60.345295	-59.587708	-59.427194
-13.20	-60.381800	-59.499205	-59.383904
-13.10	-60.427342	-59.383965	-59.356800
-13.00	-60.479768	-59.325443	-59.364825
-12.90	-60.483996	-59.279773	-59.295553
-12.80	-60.479464	-59.195684	-59.272826
-12.70	-60.493334	-59.158731	-59.256757
-12.60	-60.467567	-59.080994	-59.271236
-12.50	-60.411252	-59.074884	-59.304911
-12.40	-60.308518	-59.092552	-59.326667
-12.30	-60.152759	-59.152479	-59.342831
-12.20	-60.010583	-59.242087	-59.402922
-12.10	-59.907880	-59.326979	-59.443842
-12.00	-59.830346	-59.361200	-59.521818
-11.90	-59.772441	-59.406615	-59.600713
-11.80	-59.726505	-59.461347	-59.679277
-11.70	-59.636660	-59.497238	-59.758026
-11.60	-59.569079	-59.520837	-59.810985
-11.50	-59.535488	-59.535622	-59.872874
-11.40	-59.470239	-59.571941	-59.911868
-11.30	-59.353666	-59.545611	-59.983879
-11.20	-59.251683	-59.455215	-60.001950
-11.10	-59.178073	-59.417079	-60.009602
-11.00	-59.086033	-59.416556	-60.007225
-10.90	-58.940565	-59.441942	-60.023748
-10.80	-58.605816	-59.462815	-60.000707
-10.70	-58.030939	-59.472992	-59.948333
-10.60	-57.997806	-59.501398	-59.829365
-10.50	-58.106713	-59.518801	-59.760733
-10.40	-58.720257	-59.532404	-59.704010
-10.30	-59.186423	-59.516217	-59.700430
-10.20	-59.441135	-59.504070	-59.708365
-10.10	-59.526449	-59.440142	-59.622738
-10.00	-59.579740	-59.319964	-59.528607
-9.90	-59.592353	-59.233859	-59.479207
-9.80	-59.555842	-59.172388	-59.440633
-9.70	-59.411627	-59.177769	-59.310654
-9.60	-58.862896	-59.108401	-59.166536
-9.50	-58.665531	-58.987474	-59.059301
-9.40	-58.576401	-58.902297	-58.979377
-9.30	-59.107461	-58.844200	-58.922795
-9.20	-59.668279	-58.798882	-58.853687
-9.10	-60.034770	-58.748341	-58.776122
-9.00	-60.215894	-58.701745	-58.720850
-8.90	-60.163514	-58.648099	-58.708321
-8.80	-60.060668	-58.352799	-58.699813
-8.70	-60.006571	-57.640665	-58.667438
-8.60	-59.909592	-57.469714	-58.671150
-8.50	-59.856559	-57.307450	-58.675958
-8.40	-59.808998	-57.904157	-58.661099
-8.30	-59.765723	-58.395052	-58.676070
-8.20	-59.779606	-58.642825	-58.683966
-8.10	-59.809757	-58.637306	-58.708064
-8.00	-59.824347	-58.335678	-58.716708
-7.90	-59.832323	-57.823157	-58.610548
-7.80	-59.837419	-57.843361	-58.481294
-7.70	-59.839041	-58.026072	-58.351409
-7.60	-59.866752	-58.642655	-58.161413
-7.50	-59.812128	-59.161584	-57.576592
-7.40	-59.720935	-59.437967	-57.504995
-7.30	-59.679488	-59.529588	-57.536315
-7.20	-59.652397	-59.534860	-58.207784
-7.10	-59.501387	-59.497488	-58.779816
-7.00	-59.323699	-59.460516	-59.151346
-6.90	-59.176191	-59.378407	-59.270989
-6.80	-59.051753	-59.370846	-59.258779
-6.70	-58.995742	-59.416369	-59.223574
-6.60	-59.014317	-59.474547	-59.182471
-6.50	-59.038071	-59.518448	-59.143382
-6.40	-59.113966	-59.478073	-59.112905
-6.30	-59.201185	-59.426219	-58.964881
-6.20	-59.245915	-59.391140	-58.859162
-6.10	-59.312153	-59.368482	-58.809379
-6.00	-59.367898	-59.358173	-58.822336
-5.90	-59.465042	-59.401109	-58.880060
-5.80	-59.540054	-59.410275	-58.921212
-5.70	-59.598506	-59.392387	-58.973481
-5.60	-59.619808	-59.372114	-59.059101
-5.50	-59.588626	-59.295440	-59.143686
-5.40	-59.547008	-59.242646	-59.153877
-5.30	-59.495444	-59.171317	-59.136174
-5.20	-59.461331	-59.051668	-59.129168
-5.10	-59.415343	-58.853958	-59.072858
-5.00	-59.408475	-58.376784	-59.008807
-4.90	-59.401630	-57.651844	-58.971232
-4.80	-59.396478	-57.551842	-58.924188
-4.70	-59.343750	-57.477945	-58.943822
-4.60	-59.334777	-57.996829	-58.939855
-4.50	-59.307558	-58.395725	-58.945904
-4.40	-59.269367	-58.608542	-58.907799
-4.30	-59.245897	-58.706063	-58.861181
-4.20	-59.186892	-58.783509	-58.830128
-4.10	-59.172777	-58.841365	-58.831959
-4.00	-59.165774	-58.843803	-58.806871
-3.90	-59.118392	-58.806028	-58.735975
-3.80	-59.069231	-58.759817	-58.655899
-3.70	-58.893085	-58.614792	-58.590440
-3.60	-58.699629	-58.455708	-58.530570
-3.50	-58.494039	-58.188260	-58.490417
-3.40	-58.354305	-57.530433	-58.446624
-3.30	-58.158924	-57.266607	-58.286342
-3.20	-57.971543	-57.179372	-57.896282
-3.10	-57.865187	-57.703789	-57.490681
-3.00	-57.781334	-58.249611	-57.534939
-2.90	-57.614746	-58.663907	-57.873660
-2.80	-57.361297	-58.816423	-58.455745
-2.70	-57.008708	-58.832491	-58.957467
-2.60	-56.453186	-58.753911	-59.281448
-2.50	-55.067983	-58.645781	-59.466223
-2.40	-54.783217	-58.592997	-59.541855
-2.30	-54.701560	-58.532479	-59.580555
-2.20	-55.740445	-58.494860	-59.602558
-2.10	-56.830399	-58.451872	-59.588440
-2.00	-57.616524	-58.386631	-59.555589
-1.90	-58.029578	-58.304227	-59.457718
-1.80	-58.182677	-58.254426	-59.396683
-1.70	-58.228384	-58.184597	-59.304899
-1.60	-58.245676	-58.147350	-59.291844
-1.50	-58.247864	-58.135925	-59.258946
-1.40	-58.183641	-58.169909	-59.164549
-1.30	-58.110437	-58.189336	-59.125911
-1.20	-57.997971	-58.242604	-59.078599
-1.10	-57.693012	-58.296976	-59.029385
-1.00	-57.157094	-58.316394	-59.027579
-0.90	-57.214534	-58.357384	-59.033363
-0.80	-57.361814	-58.370402	-58.991192
-0.70	-58.140703	-58.271233	-58.994151
-0.60	-58.725427	-58.158951	-59.001830
-0.50	-59.116042	-57.914045	-59.011506
-0.40	-59.373930	-57.254838	-59.045156
-0.30	-59.433348	-57.247007	-59.095198
-0.20	-59.448692	-57.215886	-59.131261
-0.10	-59.484892	-57.672275	-59.161047
0.00	-59.515589	-57.726325	-59.211601
0.10	-59.542945	-57.810686	-59.275575
0.20	-59.615904	-58.005411	-59.374850
0.30	-59.695679	-58.612033	-59.423265
0.40	-59.804495	-59.294767	-59.411098
0.50	-59.908468	-59.826159	-59.406576
0.60	-59.979881	-60.133211	-59.406792
0.70	-60.053462	-60.245062	-59.457775
0.80	-60.079598	-60.297081	-59.469627
0.90	-60.047824	-60.292820	-59.477398
1.00	-60.049993	-60.229118	-59.507309
1.10	-60.073836	-60.145259	-59.578151
1.20	-59.989308	-60.068772	-59.677119
1.30	-59.929272	-59.968831	-59.720878
1.40	-59.888001	-59.905734	-59.798780
1.50	-59.804994	-59.864138	-59.874604
1.60	-59.696394	-59.834447	-59.871461
1.70	-59.570885	-59.830535	-59.839780
1.80	-59.455241	-59.780422	-59.839011
1.90	-59.399915	-59.624319	-59.810303
2.00	-59.356985	-59.349084	-59.784047
2.10	-59.299304	-58.751784	-59.784765
2.20	-59.278716	-58.532047	-59.752892
2.30	-59.259546	-58.370168	-59.725445
2.40	-59.270235	-58.776029	-59.652158
2.50	-59.246852	-59.265066	-59.595048
2.60	-59.204823	-59.619248	-59.547122
2.70	-59.153624	-59.845023	-59.501810
2.80	-58.994403	-59.960086	-59.434314
2.90	-58.579913	-59.995767	-59.305581
3.00	-58.120024	-59.935465	-59.208675
3.10	-58.002677	-59.886228	-59.137499
3.20	-58.129465	-59.748462	-59.037367
3.30	-58.653430	-59.621840	-58.967292
3.40	-59.010038	-59.556545	-58.894523
3.50	-59.211664	-59.484758	-58.816625
3.60	-59.306338	-59.431065	-58.688912
3.70	-59.375276	-59.340996	-58.428929
3.80	-59.437945	-59.250965	-58.030954
3.90	-59.477325	-59.091517	-57.095858
4.00	-59.530290	-58.761285	-55.432502
4.10	-59.522760	-58.285748	-52.279623
4.20	-59.326709	-57.379843	-48.289589
4.30	-59.123427	-55.936191	-42.588179
4.40	-58.893234	-53.772924	-33.961146
4.50	-58.583804	-50.420778	-22.984729
4.60	-58.086437	-45.581124	-21.682494
4.70	-57.136673	-37.561405	-25.226479
4.80	-55.562893	-27.035723	-34.633034
4.90	-53.458345	-23.592900	-45.239801
5.00	-50.018161	-23.726218	-53.181865
5.10	-46.091620	-31.285013	-57.412637
5.20	-39.849889	-40.439971	-58.999075
5.30	-32.919778	-48.693861	-59.389629
5.40	-27.110702	-54.291319	-59.154257
5.50	-25.014361	-57.448311	-58.827332
5.60	-28.763100	-58.832631	-58.150416
5.70	-36.199915	-58.976780	-57.243771
5.80	-44.631458	-58.848254	-56.088833
5.90	-51.844991	-58.588922	-55.231326
6.00	-56.087313	-58.211187	-54.607272
6.10	-57.739291	-57.626557	-53.769950
6.20	-58.025026	-57.255869	-52.910831
6.30	-57.622697	-56.690219	-51.238503
6.40	-56.756238	-55.983472	-49.304437
6.50	-55.908983	-55.190175	-47.955548
6.60	-55.086461	-54.058659	-46.351648
6.70	-54.266431	-52.735442	-45.434937
6.80	-53.314570	-50.981032	-43.921006
6.90	-52.171417	-49.121184	-42.577453
7.00	-51.471344	-45.782246	-41.144683
7.10	-51.025297	-43.669658	-40.039306
7.20	-50.761977	-41.685747	-38.955100
7.30	-50.118604	-41.152547	-39.078991
7.40	-48.849139	-40.494266	-40.292523
7.50	-47.094204	-41.687064	-42.804954
7.60	-45.364413	-42.923521	-45.441736
7.70	-43.571448	-45.352388	-47.487305
7.80	-42.581515	-46.983280	-48.744757
7.90	-40.565536	-49.009920	-49.350407
8.00	-40.466999	-49.859880	-49.882166
8.10	-41.086163	-50.577039	-50.968483
8.20	-42.705430	-50.474078	-51.855955
8.30	-44.950565	-49.355015	-51.775855
8.40	-46.913038	-49.398375	-50.842567
8.50	-48.420793	-48.767483	-49.980920
8.60	-50.391752	-49.751458	-49.432683
8.70	-51.191947	-50.649207	-48.691643
8.80	-50.974844	-51.525128	-46.913431
8.90	-50.796795	-52.236503	-44.764226
9.00	-50.565071	-52.196058	-43.818661
9.10	-51.470789	-51.406236	-43.357344
9.20	-53.188499	-50.549395	-43.619112
9.30	-54.175956	-49.451699	-44.516407
9.40	-55.021376	-48.562291	-45.749904
9.50	-55.362906	-47.011619	-47.571041
9.60	-55.257837	-44.450402	-48.048871
9.70	-54.877250	-44.142845	-47.554335
9.80	-54.360100	-44.614647	-46.887176
9.90	-53.523434	-46.986474	-45.831277
10.00	-52.280486	-48.849433	-46.194216
10.10	-50.072810	-48.648361	-46.825291
10.20	-48.667297	-47.221495	-48.154121
10.30	-46.650880	-45.452027	-49.714055
10.40	-45.928868	-45.274248	-50.633029
10.50	-45.903772	-46.491906	-50.779727
10.60	-46.995427	-49.053478	-50.558260
10.70	-48.427636	-51.168422	-50.555463
10.80	-49.224760	-52.389932	-50.869775
10.90	-49.305502	-52.018693	-51.208137
11.00	-48.432680	-51.844452	-51.226072
11.10	-48.151614	-51.522973	-51.222462
11.20	-48.246554	-51.360143	-50.735963
11.30	-48.417812	-50.453392	-49.344588
11.40	-48.998562	-49.830080	-48.277419
11.50	-48.986574	-49.454580	-47.415419
11.60	-49.456735	-49.400497	-47.440089
11.70	-49.755704	-49.105493	-47.739513
11.80	-50.217474	-47.679841	-47.553801
11.90	-50.377013	-47.379847	-46.794832
12.00	-50.708013	-46.599714	-44.462206
12.10	-51.053664	-46.885779	-44.069296
12.20	-51.058236	-46.917732	-43.086643
12.30	-51.759599	-46.583830	-44.809225
12.40	-51.612722	-46.538973	-45.971707
12.50	-51.548038	-46.643452	-46.807454
12.60	-51.238535	-47.170196	-48.209775
12.70	-51.055762	-47.364942	-48.597523
12.80	-51.110140	-48.151582	-50.105579
12.90	-51.236216	-49.030182	-51.099289
13.00	-51.085252	-50.598820	-51.827037
13.10	-50.726457	-51.336383	-51.939515
13.20	-50.305628	-51.130726	-51.687456
13.30	-50.299812	-50.179165	-51.529791
13.40	-50.195557	-49.101497	-51.237568
13.50	-50.720706	-48.533600	-50.847573
13.60	-49.759394	-48.343317	-49.590844
13.70	-49.971467	-48.665269	-47.935133
13.80	-48.920125	-48.052105	-46.448117
13.90	-48.721247	-48.058079	-46.009304
14.00	-49.225014	-47.301509	-45.991861
14.10	-50.342203	-46.024769	-46.780499
14.20	-51.756243	-46.048004	-47.737820
14.30	-52.540868	-46.492797	-48.534574
14.40	-53.007795	-47.796499	-49.018619
14.50	-52.464365	-48.528408	-48.075960
14.60	-51.458885	-49.132925	-47.330379
14.70	-49.690860	-49.518143	-46.353806
14.80	-47.723140	-50.406877	-47.950241
14.90	-46.675043	-50.321088	-49.120847
15.00	-47.210742	-50.701302	-51.036269
15.10	-48.775724	-50.724986	-52.016224
15.20	-50.417245	-50.980754	-52.520950
15.30	-51.612987	-51.594667	-52.189398
15.40	-52.227438	-52.210317	-51.089000
15.50	-51.661943	-52.780525	-49.704093
15.60	-51.213419	-52.937132	-48.673876
15.70	-50.647957	-52.335939	-47.784294
15.80	-49.980417	-51.941130	-47.792718
15.90	-49.232808	-51.104566	-48.169644
16.00	-48.738099	-50.221783	-48.966609
16.10	-47.802075	-49.857986	-48.957830
16.20	-47.067549	-48.813047	-48.725372
16.30	-46.949756	-48.897321	-48.848146
16.40	-46.685223	-49.071006	-48.713020
16.50	-46.604970	-49.879608	-48.109667
16.60	-46.945119	-49.939131	-48.028877
16.70	-47.662188	-50.139818	-47.891789
16.80	-48.933163	-49.684696	-48.332336
16.90	-50.679970	-49.406910	-48.890439
17.00	-51.592886	-47.925715	-48.928337
17.10	-52.700439	-48.211412	-49.358423
17.20	-53.188284	-47.924692	-50.343289
17.30	-54.074120	-47.782092	-51.190978
17.40	-54.711418	-47.929396	-52.012376
17.50	-55.212987	-48.400564	-52.376297
17.60	-55.186983	-48.603315	-51.876838
17.70	-54.676048	-49.145161	-50.978871
17.80	-53.653349	-49.533152	-50.650258
17.90	-52.981310	-49.548328	-50.408823
18.00	-52.256153	-49.875018	-50.522033
18.10	-51.636058	-50.575441	-50.697015
18.20	-50.038142	-51.240083	-49.730100
18.30	-48.640683	-51.406721	-49.294583
18.40	-47.555612	-51.473552	-48.790347
18.50	-45.893265	-50.826148	-47.794004
18.60	-46.510228	-50.171171	-47.349826
18.70	-47.232225	-49.238483	-46.917148
18.80	-48.725736	-48.622366	-47.632652
18.90	-50.699682	-48.934454	-47.841476
19.00	-51.154004	-49.415493	-48.161997
19.10	-51.315969	-49.595064	-47.403239
19.20	-51.138944	-50.081235	-47.378055
19.30	-50.798227	-50.439305	-47.442236
19.40	-51.224148	-51.480634	-48.482163
19.50	-51.546494	-52.563924	-49.733327
19.60	-51.547833	-53.079025	-51.114831
19.70	-50.973430	-52.776236	-51.924082
19.80	-50.086745	-52.194327	-52.122477
19.90	-48.393653	-51.520263	-52.443516
20.00	-48.237512	-50.918192	-52.657629
20.10	-48.191308	-50.603006	-52.656540
20.20	-49.027018	-50.430839	-52.068166
20.30	-50.127407	-51.274657	-51.230457
20.40	-50.560708	-52.229694	-50.387859
20.50	-51.275559	-53.340665	-50.296857
20.60	-50.824550	-53.841130	-50.247995
20.70	-50.754017	-53.811018	-50.367352
20.80	-50.879776	-53.802942	-50.171965
20.90	-51.541776	-53.650001	-49.667765
21.00	-52.495213	-53.864959	-49.209500
21.10	-52.747159	-53.407003	-49.109258
21.20	-51.729157	-52.671610	-48.935756
21.30	-50.324325	-51.163979	-48.920485
21.40	-49.913769	-49.819620	-48.085551
21.50	-49.813877	-48.517970	-48.017491
21.60	-50.570024	-47.334018	-47.349555
21.70	-49.713434	-47.205642	-47.883872
21.80	-47.897096	-47.939794	-49.097148
21.90	-47.354474	-49.484354	-50.190973
22.00	-47.460438	-50.497874	-50.988208
22.10	-49.206889	-51.174666	-51.972448
22.20	-49.913989	-51.760762	-51.915378
22.30	-49.864815	-51.728728	-52.023822
22.40	-49.454313	-52.196668	-51.570942
22.50	-49.793603	-52.045919	-51.910644
22.60	-50.369478	-51.966177	-51.673172
22.70	-51.086798	-51.192431	-51.173424
22.80	-50.226729	-50.647714	-50.840960
22.90	-50.595431	-50.162739	-50.685051
23.00	-50.942725	-49.667438	-51.042654
23.10	-52.100228	-49.821146	-50.906002
23.20	-52.860389	-50.187223	-49.351465
23.30	-53.191169	-50.795242	-47.417438
23.40	-52.851593	-51.089216	-46.451066
23.50	-52.355652	-51.330239	-45.878020
23.60	-51.945016	-51.144307	-46.409338
23.70	-51.627604	-51.619025	-46.475397
23.80	-51.496231	-51.708937	-46.947718
23.90	-51.222029	-51.571024	-48.202315
24.00	-50.940487	-50.535601	-49.689903
24.10	-50.123713	-48.894496	-51.947458
24.20	-49.644804	-46.711949	-53.411673
24.30	-48.331408	-45.325226	-54.707676
24.40	-47.443286	-45.305209	-55.157809
24.50	-46.461059	-46.163019	-54.848870
24.60	-45.316638	-46.799653	-54.529953
24.70	-45.173276	-47.370405	-53.865594
24.80	-45.006671	-48.037079	-53.151015
24.90	-46.633179	-48.915530	-52.896990
25.00	-47.803961	-49.205824	-53.173404
25.10	-49.586195	-49.747066	-53.947240
25.20	-49.557286	-49.671766	-54.443301
25.30	-49.207962	-49.254837	-54.273025
25.40	-49.084682	-49.494232	-53.338855
25.50	-50.059582	-49.457417	-52.028958
25.60	-52.083430	-49.202091	-50.778910
25.70	-54.135436	-49.626517	-50.346249
25.80	-55.098553	-49.886487	-50.373286
25.90	-54.887905	-50.102566	-50.667835
26.00	-54.509443	-49.652035	-49.866588
26.10	-53.578249	-47.923700	-48.637931
26.20	-53.344323	-47.783388	-46.382958
26.30	-52.243376	-47.545273	-46.053268
26.40	-52.094330	-48.837995	-46.364117
26.50	-51.949035	-49.381774	-48.205140
26.60	-52.218197	-50.022999	-50.369324
26.70	-52.672408	-50.150765	-52.213932
26.80	-52.961456	-49.603306	-53.216520
26.90	-52.774193	-49.914644	-53.524307
27.00	-52.320376	-49.653267	-53.393749
27.10	-51.891531	-49.873104	-52.831541
27.20	-51.084100	-49.852053	-52.740563
27.30	-50.300731	-49.774518	-53.190843
27.40	-49.882344	-50.218911	-53.683199
27.50	-49.909007	-50.079571	-53.789349
27.60	-50.253888	-50.450734	-53.310583
27.70	-50.338840	-50.923555	-52.806366
27.80	-49.525615	-51.543774	-52.100736
27.90	-48.487596	-51.698724	-51.574143
28.00	-46.615898	-51.675410	-50.940755
28.10	-46.711763	-50.974147	-50.246859
28.20	-46.980719	-49.651502	-49.259260
28.30	-47.631111	-48.357679	-47.630266
28.40	-47.652869	-48.714171	-47.233887
28.50	-47.100540	-49.437017	-47.572377
28.60	-45.538140	-50.556907	-48.927658
28.70	-46.096370	-51.051129	-50.387320
28.80	-46.862159	-51.218615	-50.795905
28.90	-48.766280	-50.845875	-50.706335
29.00	-50.351793	-51.146357	-49.754652
29.10	-51.449909	-50.407436	-49.190024
29.20	-51.800981	-49.622756	-49.424981
29.30	-51.785055	-49.607181	-49.442118
29.40	-51.275926	-50.155519	-49.445343
29.50	-50.998841	-51.909610	-48.356448
29.60	-50.600427	-53.013337	-47.128585
29.70	-51.011937	-53.683214	-46.588535
29.80	-50.854950	-54.118368	-47.375887
29.90	-51.469900	-54.220294	-48.632300
30.00	-51.928119	-54.222278	-50.402205
30.10	-52.784109	-53.532693	-52.090243
30.20	-53.310948	-52.440868	-53.674281
30.30	-53.277704	-51.501547	-54.753440
30.40	-52.321843	-50.959370	-55.312842
30.50	-52.068298	-51.407407	-55.194464
30.60	-51.768417	-51.791394	-54.889383
30.70	-52.004779	-52.359664	-54.308258
30.80	-52.346721	-52.982352	-53.528688
30.90	-52.267634	-53.278521	-52.061172
31.00	-52.041289	-53.278993	-50.965227
31.10	-50.984313	-52.493303	-49.496849
31.20	-49.703174	-51.312716	-48.990343
31.30	-48.763854	-50.061269	-48.572114
31.40	-47.374940	-49.232676	-48.043592
31.50	-46.371703	-49.701518	-47.709547
31.60	-45.059993	-50.080325	-47.921697
31.70	-44.640749	-50.360142	-48.510772
31.80	-44.515969	-49.755477	-49.574456
31.90	-44.603054	-48.571726	-49.938101
32.00	-44.381531	-47.613395	-50.537111
32.10	-45.105844	-47.867268	-50.518975
32.20	-46.180332	-49.255613	-50.614702
32.30	-47.630633	-51.338548	-50.136211
32.40	-49.702364	-52.572885	-50.611734
32.50	-50.991240	-53.013609	-51.067903
32.60	-51.750850	-53.164976	-52.092884
32.70	-50.859450	-52.681529	-52.753654
32.80	-49.850938	-52.253714	-52.473407
32.90	-48.058749	-50.365853	-52.384305
33.00	-48.700229	-48.764812	-51.740033
33.10	-49.574957	-46.802487	-51.464336
33.20	-51.081298	-47.015601	-51.260287
33.30	-52.980136	-48.031168	-50.957204
33.40	-54.040510	-49.134317	-51.644170
33.50	-55.198599	-49.618651	-51.835405
33.60	-55.165076	-50.185859	-52.145184
33.70	-55.109003	-50.368907	-51.756212
33.80	-54.638396	-50.857992	-51.175686
33.90	-54.143256	-50.304162	-50.897744
34.00	-54.179004	-49.560054	-50.531665
34.10	-54.024923	-48.896756	-50.427340
34.20	-54.014632	-49.196426	-49.310425
34.30	-53.540710	-49.756153	-49.135618
34.40	-52.995959	-50.692700	-49.104145
34.50	-51.838706	-51.344109	-49.980771
34.60	-50.261959	-51.698622	-51.085788
34.70	-49.579860	-51.220041	-51.209550
34.80	-48.832325	-50.880391	-50.207908
34.90	-48.913667	-50.668572	-49.435270
35.00	-48.387829	-50.922232	-48.279885
35.10	-48.828383	-50.982160	-48.836117
35.20	-48.791203	-50.947650	-49.481853
35.30	-49.758631	-50.735539	-49.977895
35.40	-50.104540	-50.551911	-51.080141
35.50	-50.519689	-50.380079	-52.262577
35.60	-49.988750	-49.967890	-53.925692
35.70	-49.068110	-49.226934	-55.040381
35.80	-48.038158	-47.502371	-55.056055
35.90	-47.824939	-46.236911	-54.864636
36.00	-48.394048	-44.921584	-54.374324
36.10	-49.795734	-46.134133	-54.107303
36.20	-51.047001	-48.209631	-53.500428
36.30	-52.237628	-51.171992	-52.644390
36.40	-53.183180	-53.677317	-51.365477
36.50	-53.823132	-55.076792	-50.419361
36.60	-53.814034	-55.420497	-49.859173
36.70	-53.276098	-55.104649	-49.416024
36.80	-52.132098	-54.538425	-49.680014
36.90	-50.267250	-53.531546	-50.626629
37.00	-47.489506	-51.820529	-51.232925
37.10	-46.453342	-50.598266	-52.182833
37.20	-45.831533	-49.982974	-52.803589
37.30	-47.333973	-50.136592	-52.411198
37.40	-48.362259	-50.151184	-51.253470
37.50	-49.599983	-50.155167	-50.051017
37.60	-49.316112	-49.805728	-49.353631
37.70	-50.022929	-50.356006	-49.220894
37.80	-50.412010	-50.748903	-49.546107
37.90	-51.344685	-51.829692	-50.256017
38.00	-52.451001	-52.402244	-51.021728
38.10	-52.783476	-52.517510	-52.092988
38.20	-52.774638	-52.243069	-52.517927
38.30	-52.744573	-50.955434	-52.362214
38.40	-52.967197	-50.185919	-51.553623
38.50	-53.225178	-48.586742	-50.817929
38.60	-53.455673	-49.081325	-50.580484
38.70	-53.485710	-49.935316	-49.689447
38.80	-53.201487	-52.170178	-48.949116
38.90	-52.637423	-54.135447	-48.542715
39.00	-51.716889	-55.139487	-49.376159
39.10	-50.399091	-54.906377	-50.581252
39.20	-48.446379	-54.265964	-50.957190
39.30	-48.172621	-53.191307	-50.540604
39.40	-47.714744	-51.814744	-49.691505
39.50	-47.542582	-50.377030	-49.376869
39.60	-45.556480	-48.927863	-48.994888
39.70	-44.032041	-48.259714	-49.370543
39.80	-43.442960	-48.764781	-49.661089
39.90	-45.555280	-49.649672	-50.662741
40.00	-48.275417	-50.554395	-51.239786
40.10	-50.488887	-51.681128	-51.648152
40.20	-51.298898	-52.610582	-51.825023
40.30	-52.343062	-52.969255	-51.445422
40.40	-53.122777	-52.501030	-50.695317
40.50	-54.706502	-51.997661	-49.981930
40.60	-55.307601	-51.630081	-49.011533
40.70	-55.351559	-51.273814	-49.196847
40.80	-54.795649	-50.402117	-48.609920
40.90	-53.661015	-49.374070	-46.903299
41.00	-51.797686	-47.728974	-46.184794
41.10	-50.804583	-47.860919	-45.050137
41.20	-49.523790	-48.163453	-45.866630
41.30	-49.355260	-49.629110	-46.200609
41.40	-50.025659	-51.210206	-47.762057
41.50	-51.001548	-52.524030	-49.034996
41.60	-51.831644	-53.312659	-50.544638
41.70	-51.841509	-53.244681	-51.630172
41.80	-51.620483	-52.854576	-52.414012
41.90	-50.635562	-51.946788	-52.047691
42.00	-50.013219	-51.451466	-52.593431
42.10	-49.740987	-51.104436	-52.591103
42.20	-49.652655	-50.833619	-52.845965
42.30	-50.352447	-51.321253	-52.583363
42.40	-50.722924	-51.264591	-52.425215
42.50	-51.197662	-50.756890	-52.063923
42.60	-51.534721	-49.909063	-52.022901
42.70	-51.216282	-49.832537	-52.565905
42.80	-51.322631	-50.129571	-52.710126
42.90	-50.840852	-50.748229	-52.346104
43.00	-51.076497	-50.683984	-51.412653
43.10	-51.309650	-50.301426	-50.837498
43.20	-51.866911	-50.197971	-50.568376
43.30	-52.067229	-50.432616	-50.245060
43.40	-52.253270	-50.306414	-50.569320
43.50	-51.709908	-49.284605	-51.158523
43.60	-51.299969	-49.409076	-51.845742
43.70	-50.951375	-50.247481	-52.834805
43.80	-51.305507	-52.174369	-53.260105
43.90	-52.203590	-53.992262	-54.426380
44.00	-52.995643	-55.145434	-54.844209
44.10	-53.563890	-55.809446	-55.076138
44.20	-53.086898	-56.114805	-54.259759
44.30	-52.524277	-55.900700	-53.372840
44.40	-52.239206	-56.044136	-52.941699
44.50	-52.709262	-55.892727	-52.906584
44.60	-53.926166	-56.024511	-53.404295
44.70	-54.830079	-55.607945	-53.286261
44.80	-55.271879	-55.115444	-53.208990
44.90	-54.805914	-54.407467	-53.262337
45.00	-53.559086	-53.227088	-53.310385
45.10	-52.933909	-51.498416	-53.800396
45.20	-52.950086	-49.560599	-54.066296
45.30	-53.693241	-47.143790	-54.566595
45.40	-54.732516	-45.496748	-54.422337
45.50	-54.915050	-45.387372	-53.586942
45.60	-54.295977	-46.063753	-52.460268
45.70	-53.455815	-47.618079	-50.728937
45.80	-52.609071	-49.293431	-49.877518
45.90	-52.315999	-50.661867	-49.224973
46.00	-51.308513	-51.808478	-50.223366
46.10	-50.326012	-52.973866	-50.485477
46.20	-48.285511	-53.464196	-51.269824
46.30	-47.475572	-53.745529	-51.683714
46.40	-46.604469	-52.672163	-51.928646
46.50	-46.736134	-51.830717	-52.529937
46.60	-46.926559	-51.660428	-52.540464
46.70	-47.717980	-51.819389	-52.398372
46.80	-48.031232	-52.043889	-52.127441
46.90	-49.988801	-51.717823	-52.618380
47.00	-51.518735	-51.327623	-53.607996
47.10	-53.239970	-51.469158	-54.785144
47.20	-54.249852	-52.064972	-55.413594
47.30	-54.278320	-52.761609	-55.682303
47.40	-53.280662	-52.779061	-55.265572
47.50	-51.874875	-52.018724	-54.562023
47.60	-51.346029	-49.967225	-54.387066
47.70	-51.806185	-48.651070	-53.969567
47.80	-52.926351	-46.218762	-53.762163
47.90	-54.203520	-44.492408	-52.719272
48.00	-54.976166	-44.168545	-50.585165
48.10	-54.905116	-44.597921	-49.887911
48.20	-53.537801	-45.775550	-49.746808
48.30	-51.950319	-47.391163	-50.397976
48.40	-50.655237	-47.619206	-51.209924
48.50	-49.901953	-49.295301	-51.020952
48.60	-50.771342	-50.991604	-51.461366
48.70	-51.980367	-53.331274	-50.692649
48.80	-53.431351	-55.525893	-50.604059
48.90	-53.724511	-56.851050	-50.320535
49.00	-53.474312	-57.142332	-50.257125
49.10	-52.783898	-56.876081	-50.309239
49.20	-52.179489	-56.115533	-50.792082
49.30	-51.515667	-55.168236	-51.332942
49.40	-50.790341	-54.320416	-52.007584
49.50	-49.684523	-53.432094	-51.781765
49.60	-48.596198	-51.927480	-52.136609
49.70	-48.467106	-50.818001	-52.410127
49.80	-47.457708	-50.492567	-53.399296
49.90	-47.614465	-50.648508	-53.812832
50.00	-47.805361	-51.119590	-53.009264
50.10	-48.250730	-51.786484	-51.523068
50.20	-48.510112	-52.386033	-50.961816
50.30	-48.421548	-53.445600	-50.743024
50.40	-47.986198	-54.110039	-51.642700
50.50	-47.481742	-54.186922	-52.377032
50.60	-48.225131	-53.890155	-53.535417
50.70	-49.703445	-53.466204	-54.296874
50.80	-51.067899	-52.196429	-54.720980
50.90	-52.362307	-51.831903	-54.509616
51.00	-53.220163	-51.680431	-53.560024
51.10	-53.493999	-51.354645	-51.736455
51.20	-53.130241	-50.930485	-50.483739
51.30	-52.576757	-49.598773	-49.401844
51.40	-51.332616	-48.947444	-48.865707
51.50	-51.216173	-48.808145	-49.491833
51.60	-50.744013	-48.599915	-50.304061
51.70	-51.359981	-49.519981	-51.176211
51.80	-51.431014	-49.644267	-51.906686
51.90	-50.985743	-50.570955	-51.896674
52.00	-50.925574	-50.666171	-51.917004
52.10	-51.009928	-50.400008	-52.358718
52.20	-51.841031	-50.592249	-52.577211
52.30	-52.841320	-50.744094	-52.469456
52.40	-53.894582	-51.013376	-52.189337
52.50	-54.455510	-51.072855	-51.017994
52.60	-54.973991	-51.362734	-50.313410
52.70	-55.185748	-51.451821	-50.429848
52.80	-55.071144	-51.253399	-50.193003
52.90	-54.653453	-50.566048	-51.324422
53.00	-53.808591	-50.027041	-51.774386
53.10	-52.752206	-48.655846	-52.157306
53.20	-51.685879	-49.375745	-52.505489
53.30	-50.913106	-49.753891	-53.008656
53.40	-50.587929	-51.558528	-53.266505
53.50	-50.190476	-52.257905	-53.337720
53.60	-50.161681	-53.027541	-52.660398
53.70	-50.036728	-53.422358	-51.497632
53.80	-50.352391	-54.398806	-51.225050
53.90	-51.275508	-55.243221	-51.362685
54.00	-51.971466	-55.824910	-52.124717
54.10	-52.409742	-55.646503	-51.922361
54.20	-52.324890	-54.999202	-52.195394
54.30	-52.658089	-54.393824	-52.448245
54.40	-53.084410	-53.203071	-53.017131
54.50	-53.440982	-51.264836	-53.716699
54.60	-53.343763	-50.673805	-53.663234
54.70	-52.902383	-49.956750	-53.700255
54.80	-52.414386	-50.766231	-53.878376
54.90	-53.066987	-51.691928	-54.559061
55.00	-54.033361	-52.746978	-55.333493
55.10	-55.127291	-53.816064	-55.917460
55.20	-55.559955	-54.407936	-55.924647
55.30	-56.142540	-55.502754	-55.404957
55.40	-56.482857	-56.203829	-53.852201
55.50	-57.336329	-57.040218	-51.795928
55.60	-58.023037	-57.930624	-51.393943
55.70	-58.532536	-58.560217	-52.096999
55.80	-58.931779	-58.960999	-54.121007
55.90	-59.336357	-59.028300	-56.116680
56.00	-59.657624	-58.739181	-57.410430
56.10	-59.900143	-58.713103	-57.853691
56.20	-60.159778	-59.034979	-58.402194
56.30	-60.392139	-59.660317	-59.184135
56.40	-60.677588	-60.525752	-59.936262
56.50	-60.940261	-61.279355	-60.571547
56.60	-61.206482	-61.943043	-61.077739
56.70	-61.490437	-62.492120	-61.559687
56.80	-61.778039	-62.927353	-61.905826
56.90	-62.010993	-63.330268	-62.236746
57.00	-62.248401	-63.650394	-62.606172
57.10	-62.481908	-63.957721	-62.988322
57.20	-62.706245	-64.246161	-63.367510
57.30	-62.891202	-64.512268	-63.708370
57.40	-63.071540	-64.754484	-64.069394
57.50	-63.247024	-64.972529	-64.431783
57.60	-63.414227	-65.166970	-64.754496
57.70	-63.570984	-65.312112	-65.068499
57.80	-63.689826	-65.446381	-65.363039
57.90	-63.805028	-65.541961	-65.605607
58.00	-63.914101	-65.634794	-65.804980
58.10	-64.015606	-65.721856	-65.968453
58.20	-64.108791	-65.801478	-66.128186
58.30	-64.140440	-65.845717	-66.278433
58.40	-64.183191	-65.892150	-66.416075
58.50	-64.205392	-65.937585	-66.539680
58.60	-64.238707	-65.980035	-66.595199
58.70	-64.250582	-66.018326	-66.606003
58.80	-64.275430	-66.051838	-66.641600
58.90	-64.307469	-66.080321	-66.689953
59.00	-64.342750	-66.103776	-66.716149
59.10	-64.378597	-66.122362	-66.727118
59.20	-64.386603	-66.109978	-66.752795
59.30	-64.400880	-66.074734	-66.785749
59.40	-64.418325	-66.051573	-66.821116
59.50	-64.409763	-66.036245	-66.774479
59.60	-64.410453	-66.025798	-66.702996
59.70	-64.416728	-65.990955	-66.580051
59.80	-64.399665	-65.967373	-66.522509
59.90	-64.392400	-65.951162	-66.506263
60.00	-64.364375	-65.939585	-66.430664
60.10	-64.269973	-65.930721	-66.407272
60.20	-64.186481	-65.923228	-66.414648
60.30	-64.083739	-65.916178	-66.412648
60.40	-63.970809	-65.882239	-66.431843
60.50	-63.851461	-65.829869	-66.462663
60.60	-63.755225	-65.766521	-66.362898
60.70	-63.704384	-65.696713	-66.321217
60.80	-63.658469	-65.596732	-66.315189
60.90	-63.642406	-65.531527	-66.303648
61.00	-63.646652	-65.463476	-66.314204
61.10	-63.637165	-65.421544	-66.337443
61.20	-63.619006	-65.370653	-66.339693
61.30	-63.622101	-65.313844	-66.353567
61.40	-63.639002	-65.255247	-66.346099
61.50	-63.611885	-65.220462	-66.323945
61.60	-63.552999	-65.202053	-66.318470
61.70	-63.526146	-65.141690	-66.268643
61.80	-63.494984	-65.079647	-66.245765
61.90	-63.487679	-65.016601	-66.212739
62.00	-63.496552	-64.980777	-66.173342
62.10	-63.490616	-64.963779	-66.129226
62.20	-63.473292	-64.959613	-66.109665
62.30	-63.474434	-64.937114	-66.105859
62.40	-63.435850	-64.903236	-66.085064
62.50	-63.395607	-64.833357	-66.079359
62.60	-63.328250	-64.766544	-66.084748
62.70	-63.297196	-64.702089	-66.069601
62.80	-63.239340	-64.613900	-66.040545
62.90	-63.215135	-64.537955	-66.001768
63.00	-63.187861	-64.472575	-65.982913
63.10	-63.185125	-64.414029	-65.977118
63.20	-63.172682	-64.388129	-65.979590
63.30	-63.100725	-64.384768	-65.933679
63.40	-63.040515	-64.396639	-65.908384
63.50	-63.016563	-64.393140	-65.896870
63.60	-63.017734	-64.377184	-65.867770
63.70	-63.010472	-64.353435	-65.799797
63.80	-62.997371	-64.296252	-65.734714
63.90	-62.979759	-64.244633	-65.671513
64.00	-62.932128	-64.196682	-65.610456
64.10	-62.862352	-64.152889	-65.579828
64.20	-62.830147	-64.114842	-65.569699
64.30	-62.797452	-64.105404	-65.519306
64.40	-62.792044	-64.088612	-65.470167
64.50	-62.778855	-64.067628	-65.421129
64.60	-62.787856	-64.069660	-65.374304
64.70	-62.812176	-64.061806	-65.330331
64.80	-62.846792	-64.044444	-65.289809
64.90	-62.887970	-64.022091	-65.199991
65.00	-62.906859	-63.916806	-65.162516
65.10	-62.909542	-63.837247	-65.133361
65.20	-62.847938	-63.801231	-65.028759
65.30	-62.771553	-63.795224	-64.929847
65.40	-62.710442	-63.704334	-64.863231
65.50	-62.686765	-63.610349	-64.816680
65.60	-62.689103	-63.487335	-64.783610
65.70	-62.709325	-63.376989	-64.759750
65.80	-62.715224	-63.298858	-64.717202
65.90	-62.711230	-63.217622	-64.689905
66.00	-62.674889	-63.163691	-64.620652
66.10	-62.667600	-63.105530	-64.601365
66.20	-62.680254	-63.048264	-64.588519
66.30	-62.680803	-63.039258	-64.605795
66.40	-62.674403	-63.062747	-64.642336
66.50	-62.608313	-63.107865	-64.690476
66.60	-62.553932	-63.140294	-64.719120
66.70	-62.535239	-63.058219	-64.706088
66.80	-62.515204	-62.951288	-64.689888
66.90	-62.520788	-62.881944	-64.697616
67.00	-62.518499	-62.865840	-64.720806
67.10	-62.511110	-62.833594	-64.621458
67.20	-62.474713	-62.843268	-64.495426
67.30	-62.470253	-62.776890	-64.379532
67.40	-62.383911	-62.712813	-64.322445
67.50	-62.345624	-62.702913	-64.305224
67.60	-62.214365	-62.679817	-64.234314
67.70	-62.120710	-62.672765	-64.209181
67.80	-62.079176	-62.650539	-64.162789
67.90	-61.995583	-62.667603	-64.155652
68.00	-61.962635	-62.658667	-64.149399
68.10	-61.965623	-62.683700	-64.169422
68.20	-61.914935	-62.708240	-64.180158
68.30	-61.882311	-62.728653	-64.157705
68.40	-61.733134	-62.693623	-64.112005
68.50	-61.632221	-62.697016	-64.077709
68.60	-61.591104	-62.700684	-64.053605
68.70	-61.462680	-62.678886	-64.038329
68.80	-61.405034	-62.666493	-64.054481
68.90	-61.397482	-62.686707	-64.066324
69.00	-61.375660	-62.677529	-64.099038
69.10	-61.369939	-62.646918	-64.092527
69.20	-61.259279	-62.601982	-64.111846
69.30	-61.194484	-62.572930	-64.148042
69.40	-61.137148	-62.554885	-64.169090
69.50	-61.107631	-62.571202	-64.178767
69.60	-61.071662	-62.584459	-64.180271
69.70	-60.980548	-62.596370	-64.147713
69.80	-60.953030	-62.605943	-64.118604
69.90	-60.944539	-62.589488	-64.091057
70.00	-60.974568	-62.605339	-64.092906
70.10	-60.980717	-62.617691	-64.009775
70.20	-60.972643	-62.601389	-63.973933
70.30	-60.952957	-62.564519	-63.918477
70.40	-60.952756	-62.564285	-63.876043
70.50	-60.939345	-62.484724	-63.763948
70.60	-60.892420	-62.377948	-63.688125
70.70	-60.851954	-62.332418	-63.635334
70.80	-60.813845	-62.329516	-63.625801
70.90	-60.832112	-62.356194	-63.645800
71.00	-60.865509	-62.376827	-63.659802
71.10	-60.884481	-62.394457	-63.669114
71.20	-60.889812	-62.435218	-63.646359
71.30	-60.835125	-62.491274	-63.656127
71.40	-60.812725	-62.531188	-63.660238
71.50	-60.785962	-62.558875	-63.663727
71.60	-60.759021	-62.576631	-63.663930
71.70	-60.735729	-62.561325	-63.663240
71.80	-60.716579	-62.575819	-63.660436
71.90	-60.749117	-62.585337	-63.680041
72.00	-60.791956	-62.615757	-63.687864
72.10	-60.866858	-62.581433	-63.636381
72.20	-60.885699	-62.529811	-63.541721
72.30	-60.915835	-62.492764	-63.446251
72.40	-60.953971	-62.491713	-63.377290
72.50	-61.023392	-62.515322	-63.328865
72.60	-61.063210	-62.555546	-63.295874
72.70	-61.131371	-62.553786	-63.249700
72.80	-61.142274	-62.575770	-63.168171
72.90	-61.139189	-62.613591	-63.116237
73.00	-61.101667	-62.635159	-63.084388
73.10	-61.064649	-62.645321	-62.962343
73.20	-61.050577	-62.620746	-62.909743
73.30	-61.025600	-62.598823	-62.854182
73.40	-61.017685	-62.551610	-62.823157
73.50	-60.995829	-62.539509	-62.805882
73.60	-60.991601	-62.498695	-62.798160
73.70	-61.002469	-62.465612	-62.796102
73.80	-61.048605	-62.411524	-62.798366
73.90	-61.119190	-62.370667	-62.830232
74.00	-61.179825	-62.365161	-62.855442
74.10	-61.233481	-62.384239	-62.875995
74.20	-61.307843	-62.369012	-62.868951
74.30	-61.344056	-62.329053	-62.815223
74.40	-61.377480	-62.272474	-62.756863
74.50	-61.356775	-62.180906	-62.696051
74.60	-61.324937	-62.141557	-62.582075
74.70	-61.260543	-62.137727	-62.456409
74.80	-61.197630	-62.105054	-62.329038
74.90	-61.107972	-62.080388	-62.277791
75.00	-61.030272	-62.061194	-62.254953
75.10	-60.958132	-62.020762	-62.201843
75.20	-60.916468	-61.912171	-62.148415
75.30	-60.922892	-61.811650	-62.148485
75.40	-60.963510	-61.771412	-62.159945
75.50	-61.004331	-61.773829	-62.126887
75.60	-61.019073	-61.806083	-62.092233
75.70	-61.064516	-61.832597	-62.108437
75.80	-61.104638	-61.855622	-62.133183
75.90	-61.142600	-61.875384	-62.137854
76.00	-61.177839	-61.892387	-62.180705
76.10	-61.187867	-61.932691	-62.197141
76.20	-61.180642	-61.988355	-62.170182
76.30	-61.207789	-62.027761	-62.166936
76.40	-61.232290	-62.029081	-62.151236
76.50	-61.255120	-61.978565	-62.126624
76.60	-61.250686	-61.942588	-62.044547
76.70	-61.177647	-61.943364	-61.952943
76.80	-61.159635	-61.947020	-61.930505
76.90	-61.154262	-61.927989	-61.929303
77.00	-61.156663	-61.920590	-61.943007
77.10	-61.140217	-61.919621	-61.942249
77.20	-61.161486	-61.922483	-61.958245
77.30	-61.134625	-61.926816	-61.956146
77.40	-61.097905	-61.932691	-61.917992
77.50	-61.028335	-61.888769	-61.878862
77.60	-60.962345	-61.787433	-61.812229
77.70	-60.925409	-61.721823	-61.756033
77.80	-60.888000	-61.628980	-61.732503
77.90	-60.849635	-61.592108	-61.655866
78.00	-60.859072	-61.490169	-61.569566
78.10	-60.902402	-61.420696	-61.528258
78.20	-60.921451	-61.376263	-61.516976
78.30	-60.921844	-61.347615	-61.552678
78.40	-60.957378	-61.282188	-61.541168
78.50	-60.971147	-61.242889	-61.500221
78.60	-60.987293	-61.224483	-61.368160
78.70	-60.980421	-61.194175	-61.322770
78.80	-60.929545	-61.155257	-61.312585
78.90	-60.876751	-61.114191	-61.324721
79.00	-60.851735	-61.019771	-61.353440
79.10	-60.870634	-60.868773	-61.418764
79.20	-60.896665	-60.777525	-61.485416
79.30	-60.873978	-60.755191	-61.574889
79.40	-60.796179	-60.754772	-61.678627
79.50	-60.779857	-60.799209	-61.766723
79.60	-60.729166	-60.875142	-61.839934
79.70	-60.681212	-60.921548	-61.852687
79.80	-60.688802	-60.997510	-61.845387
79.90	-60.661984	-61.067996	-61.822649
80.00	-60.657996	-61.158494	-61.740622
80.10	-60.670492	-61.261555	-61.645099
80.20	-60.719676	-61.371808	-61.564322
80.30	-60.669088	-61.485328	-61.498104
80.40	-60.600249	-61.547501	-61.464500
80.50	-60.521353	-61.572500	-61.403877
80.60	-60.508498	-61.597244	-61.374945
80.70	-60.541340	-61.571612	-61.345008
80.80	-60.555616	-61.534006	-61.312468
80.90	-60.581921	-61.488180	-61.228237
81.00	-60.643425	-61.462483	-61.085229
81.10	-60.706560	-61.422935	-60.979372
81.20	-60.792266	-61.404429	-60.898028
81.30	-60.866482	-61.397245	-60.862007
81.40	-60.936049	-61.372509	-60.857256
81.50	-61.002345	-61.361437	-60.821402
81.60	-61.066758	-61.333930	-60.817645
81.70	-61.153079	-61.322331	-60.861891
81.80	-61.227907	-61.322088	-60.889430
81.90	-61.318971	-61.305478	-60.930799
82.00	-61.393922	-61.253133	-61.004891
82.10	-61.405997	-61.204730	-61.022280
82.20	-61.398267	-61.132862	-61.079680
82.30	-61.400905	-61.093447	-61.164422
82.40	-61.383766	-61.024548	-61.241585
82.50	-61.356875	-60.988783	-61.311987
82.60	-61.372348	-60.975675	-61.299052
82.70	-61.366738	-60.952314	-61.306689
82.80	-61.344525	-60.921795	-61.352857
82.90	-61.309382	-60.914192	-61.398410
83.00	-61.189474	-60.948379	-61.391660
83.10	-61.062497	-60.986245	-61.399313
83.20	-60.952280	-60.976090	-61.366349
83.30	-60.875261	-60.980130	-61.304405
83.40	-60.846188	-60.994232	-61.274337
83.50	-60.824780	-61.038674	-61.291427
83.60	-60.808504	-61.080497	-61.289948
83.70	-60.794820	-61.117070	-61.275963
83.80	-60.804957	-61.174441	-61.277261
83.90	-60.776172	-61.171851	-61.190603
84.00	-60.717114	-61.200675	-61.144175
84.10	-60.619519	-61.225368	-61.076388
84.20	-60.491998	-61.246778	-61.011802
84.30	-60.211852	-61.215230	-60.942207
84.40	-59.463246	-61.201604	-60.889479
84.50	-59.380529	-61.226866	-60.784794
84.60	-59.384418	-61.232111	-60.619269
84.70	-59.980329	-61.245488	-60.309602
84.80	-60.542589	-61.158314	-59.606457
84.90	-60.948841	-61.073479	-59.366329
85.00	-61.143339	-61.015509	-59.340058
85.10	-61.251836	-60.975631	-59.771682
85.20	-61.322037	-60.922095	-60.355804
85.30	-61.323928	-60.883873	-60.845508
85.40	-61.306457	-60.830477	-61.058976
85.50	-61.327540	-60.766070	-61.102540
85.60	-61.298598	-60.742908	-61.122435
85.70	-61.263010	-60.671266	-61.144563
85.80	-61.197682	-60.609921	-61.193308
85.90	-61.186882	-60.522942	-61.209431
86.00	-61.189788	-60.402968	-61.156685
86.10	-61.173893	-60.248453	-61.130723
86.20	-61.098914	-59.981671	-61.098559
86.30	-61.055715	-59.440178	-61.088648
86.40	-61.008794	-59.458443	-61.121683
86.50	-60.959469	-59.498473	-61.184852
86.60	-60.935540	-60.107556	-61.268744
86.70	-60.954714	-60.578772	-61.340650
86.80	-60.978883	-60.901845	-61.377025
86.90	-61.032175	-61.076982	-61.388917
87.00	-61.080602	-61.153065	-61.407589
87.10	-61.150274	-61.226260	-61.457015
87.20	-61.158218	-61.277946	-61.449534
87.30	-61.148095	-61.293411	-61.478991
87.40	-61.151517	-61.334971	-61.405009
87.50	-61.162532	-61.368228	-61.362783
87.60	-61.202342	-61.319520	-61.317663
87.70	-61.214567	-61.239669	-61.270682
87.80	-61.203030	-61.065129	-61.223275
87.90	-61.224820	-60.925271	-61.124430
88.00	-61.244242	-60.806644	-61.068571
88.10	-61.261036	-60.680784	-61.041625
88.20	-61.254055	-60.623817	-61.035245
88.30	-61.178194	-60.564622	-61.068264
88.40	-61.102802	-60.506480	-61.051456
88.50	-60.993409	-60.451591	-60.927478
88.60	-60.907139	-60.434288	-60.881548
88.70	-60.831978	-60.416757	-60.816542
88.80	-60.753653	-60.422929	-60.737255
88.90	-60.676209	-60.449489	-60.698594
89.00	-60.543591	-60.405858	-60.687566
89.10	-60.138027	-60.419317	-60.671119
89.20	-59.760036	-60.399463	-60.653341
89.30	-59.768833	-60.332546	-60.662685
89.40	-60.133566	-60.328086	-60.661276
89.50	-60.672347	-60.316118	-60.630164
89.60	-61.095342	-60.323488	-60.630324
89.70	-61.293904	-60.370132	-60.651080
89.80	-61.380382	-60.335441	-60.684376
89.90	-61.395399	-60.354444	-60.698402
90.00	-61.424516	-60.360077	-60.723608
90.10	-61.417684	-60.376660	-60.732583
90.20	-61.416672	-60.426470	-60.729759
90.30	-61.392106	-60.450383	-60.667530
90.40	-61.378756	-60.504073	-60.640037
90.50	-61.370201	-60.578297	-60.638322
90.60	-61.314669	-60.641450	-60.657135
90.70	-61.304053	-60.672125	-60.663773
90.80	-61.325204	-60.679981	-60.710114
90.90	-61.343296	-60.723219	-60.757846
91.00	-61.306515	-60.738386	-60.733044
91.10	-61.285333	-60.764487	-60.656357
91.20	-61.276073	-60.823654	-60.586857
91.30	-61.275321	-60.855417	-60.518603
91.40	-61.276357	-60.841976	-60.478347
91.50	-61.276679	-60.847984	-60.409908
91.60	-61.274520	-60.890011	-60.386629
91.70	-61.243388	-60.854432	-60.312053
91.80	-61.244567	-60.813104	-60.241502
91.90	-61.268062	-60.797158	-60.147900
92.00	-61.256548	-60.744169	-59.942594
92.10	-61.245863	-60.693198	-59.408371
92.20	-61.235417	-60.621088	-59.222765
92.30	-61.120130	-60.537041	-59.240524
92.40	-61.012722	-60.441013	-59.771117
92.50	-60.938973	-60.391213	-60.286565
92.60	-60.916531	-60.326269	-60.633803
92.70	-60.931562	-60.226337	-60.745459
92.80	-60.844498	-60.155108	-60.763734
92.90	-60.742143	-60.102788	-60.719436
93.00	-60.681628	-60.089569	-60.719554
93.10	-60.650905	-60.077556	-60.730045
93.20	-60.639900	-60.044482	-60.750340
93.30	-60.643578	-60.019195	-60.777007
93.40	-60.683724	-60.025913	-60.833768
93.50	-60.698492	-60.079436	-60.835762
93.60	-60.695467	-60.165502	-60.773707
93.70	-60.705040	-60.174850	-60.669511
93.80	-60.671955	-60.202412	-60.558391
93.90	-60.610708	-60.242419	-60.521961
94.00	-60.580786	-60.289384	-60.512084
94.10	-60.574165	-60.344064	-60.523157
94.20	-60.584864	-60.378972	-60.525262
94.30	-60.581901	-60.421737	-60.518179
94.40	-60.617817	-60.446671	-60.553872
94.50	-60.554583	-60.479535	-60.565792
# IV Measures at spl 30
# RMP 	0.654248	0 
# IVshift	23
# IVOnset	0	0.963401
# IVAdaptation	6.18929	0.364226
# IVOffset	-3.64656	4.92857
# IV Measures RMS error 	5.18325
#PSTH: Time	 Rate (sp/s)
# 0	0.000000
# 1	200.000000
# 2	308.000000
# 3	280.000000
# 4	292.000000
# 5	260.000000
# 6	116.000000
# 7	0.000000
# 8	0.000000
# 9	8.000000
# 10	0.000000
# 11	0.000000
# 12	0.000000
#CV: Time	 CV ()		 ISI mean (ms)		 ISI sd (ms) 
# 0	0.228299	2.987755	0.682102
# 1	0.461357	3.524324	1.625972
# 2	0.456562	3.514706	1.604682
# 3	0.365119	3.445714	1.258097
# 4	0.332094	3.677358	1.221229
#CV: Time	 CV reference		 CV test ()	 Weighting 
# 0	0.228299	0.161800	10000.000000
# 1	0.461357	0.370600	10000.000000
# 2	0.456562	0.441000	10000.000000
# 3	0.365119	0.436000	10000.000000
# CV Measures RMS error 	5.18325
#   FSL Mean 5.275, Std Dev 0.502386 
# Checked trials 	24
# Checked trials penalty	5.18325
# Sustained rate 	50.24
# Post stimulus rate penalty 	5.18325
#   CV Penalty = 10
		# IV Measures at spl 40
# RMP 	-60.6332	0 
# IVshift	22.4
# IVOnset	0.897844	0.976625
# IVAdaptation	6.63828	0.0936296
# IVOffset	3.66755	6.9677
# IV Measures RMS error 	3.66503
#PSTH: Time	 Rate (sp/s)
# 0	0.000000
# 1	240.000000
# 2	316.000000
# 3	300.000000
# 4	288.000000
# 5	252.000000
# 6	136.000000
# 7	0.000000
# 8	0.000000
# 9	4.000000
# 10	0.000000
# 11	0.000000
# 12	0.000000
#CV: Time	 CV ()		 ISI mean (ms)		 ISI sd (ms) 
# 0	0.246220	2.890000	0.711575
# 1	0.352954	3.406329	1.202278
# 2	0.462688	3.376000	1.562036
# 3	0.519487	3.619718	1.880397
# 4	0.362558	3.540000	1.283456
#CV: Time	 CV reference		 CV test ()	 Weighting 
# 0	0.246220	0.161800	40000.000000
# 1	0.352954	0.370600	40000.000000
# 2	0.462688	0.441000	40000.000000
# 3	0.519487	0.436000	40000.000000
# CV Measures RMS error 	3.66503
#   FSL Mean 4.552, Std Dev 1.07282 
# Checked trials 	25
# Checked trials penalty	3.66503
# Sustained rate 	51.68
# Post stimulus rate penalty 	3.66503
#   CV Penalty = 20
		# IV Measures at spl 50
# RMP 	0.753627	0 
# IVshift	22.1
# IVOnset	0	0.967881
# IVAdaptation	6.18929	1.90404
# IVOffset	-3.89224	7.46758
# IV Measures RMS error 	6.0706
#PSTH: Time	 Rate (sp/s)
# 0	0.000000
# 1	264.000000
# 2	260.000000
# 3	268.000000
# 4	224.000000
# 5	232.000000
# 6	128.000000
# 7	0.000000
# 8	0.000000
# 9	4.000000
# 10	4.000000
# 11	0.000000
# 12	0.000000
#CV: Time	 CV ()		 ISI mean (ms)		 ISI sd (ms) 
# 0	0.548293	3.057576	1.676449
# 1	0.542062	3.823077	2.072345
# 2	0.447240	3.947692	1.765565
# 3	0.497077	3.941071	1.959014
# 4	0.404489	3.670833	1.484811
#CV: Time	 CV reference		 CV test ()	 Weighting 
# 0	0.548293	0.161800	10000.000000
# 1	0.542062	0.370600	10000.000000
# 2	0.447240	0.441000	10000.000000
# 3	0.497077	0.436000	10000.000000
# CV Measures RMS error 	6.0706
#   FSL Mean 4.496, Std Dev 0.0934523 
# Checked trials 	25
# Checked trials penalty	6.0706
# Sustained rate 	44.48
# Sustained rate penalty 	6.0706
# Post stimulus rate penalty 	6.0706
#   CV Penalty = 120
		#  Input Resistance = 122.454
#  Input Resistance Penalty = 120
#  tonefreq = 9100
# bandwidth
#	0.0000	0.0000	0.0000	0.0000
#	3.0000	0.0000	6.0000	0.0000
#	9.0000	13.9873	0.0000	5.0000
#	3.0000	0.0000	2.0000	0.0000
#	0.0000	0.0000	20.0000	0.0000
#	0.0000	0.0000	21.0000	5.0000
# num. connections
#	0	0	0	0
#	20	0	6	0
#	20	17	0	0
#	20	0	8	0
#	25	10	157	0
#	25	15	56	25
# weights
#	0	0	0	0
#	1.10247e-06	0	0.0005	0
#	0.000220428	0.0017	0	0
#	0.00126076	0	0.00483773	0
#	0.00117195	0.00478703	0.000167221	0.0487
#	0.00400544	0.00472638	0.0101869	0.5166
# delay
#	0.4000	0.0000	0.4000	0.0000
#	0.4000	0.0000	1.0000	0.0000
#	0.4000	1.0000	0.0000	0.0000
#	0.0000	0.0000	0.4000	0.0000
#	0.0000	0.5000	0.0000	2.5000
#	0.0000	0.5000	0.0000	1.0000
# offset  2.1
# golgi_spatial_filter_variance_LSR	 2.4837
# golgi_syn_filter_scale_factor 1
# golgi_spon 3.7271
# ds_gaba_decay			 5.43235
# ds_gaba_rise			 0.261939
# ds_erev  -65
# ds_gkltbar	 0.0163897
# ds_gkhtbar	 0.030623
# ds_gleak  0.000274146
# ds_gnabar  0.204153
# tv_gleak  0.0004987
# tv_erev  -65.894
# ts_gkhtbar  0.0189416
# ts_gnabar  0.23677
# ts_gkabar  0.01539
# ts_ghbar  6.20392e-05
# ts_gleak  0.000643924
# ts_erev  -62.9
# ts_dend_g  0.001
# ts_dend_e  -65
# ts_jitter_sd  0.2
