# PSTH analysis in T stellate 20, CF 4001Hz
# Stimulus 3900 Hz, 40 dB, 25 reps
# Binwidth 0.25
# 2011-11-30-181415
# CV mean 0.237949
# Time (ms), Rate (sp/s), mISI (ms), sISI (ms), CV ()
    0.00	  0.0000
    0.25	160.0000
    0.50	320.0000
    0.75	  0.0000
    1.00	  0.0000
    1.25	480.0000
    1.50	160.0000
    1.75	  0.0000
    2.00	320.0000
    2.25	160.0000
    2.50	160.0000
    2.75	320.0000
    3.00	  0.0000
    3.25	480.0000
    3.50	320.0000
    3.75	320.0000
    4.00	160.0000
    4.25	480.0000
    4.50	  0.0000
    4.75	480.0000
    5.00	480.0000
    5.25	160.0000
    5.50	160.0000
    5.75	320.0000
    6.00	480.0000
    6.25	800.0000
    6.50	960.0000
    6.75	2560.0000
    7.00	800.0000
    7.25	1280.0000
    7.50	160.0000
    7.75	320.0000
    8.00	320.0000
    8.25	480.0000
    8.50	320.0000
    8.75	  0.0000
    9.00	160.0000
    9.25	640.0000
    9.50	640.0000
    9.75	1280.0000
   10.00	1120.0000
   10.25	1120.0000
   10.50	800.0000
   10.75	320.0000
   11.00	320.0000
   11.25	640.0000
   11.50	480.0000
   11.75	800.0000
   12.00	320.0000
   12.25	160.0000
   12.50	800.0000
   12.75	960.0000
   13.00	800.0000
   13.25	960.0000
   13.50	480.0000
   13.75	960.0000
   14.00	480.0000
   14.25	320.0000
   14.50	  0.0000
   14.75	800.0000
   15.00	800.0000
   15.25	320.0000
   15.50	800.0000
   15.75	800.0000
   16.00	320.0000
   16.25	1280.0000
   16.50	480.0000
   16.75	320.0000
   17.00	640.0000
   17.25	1280.0000
   17.50	480.0000
   17.75	480.0000
   18.00	640.0000
   18.25	160.0000
   18.50	960.0000
   18.75	320.0000
   19.00	1120.0000
   19.25	320.0000
   19.50	480.0000
   19.75	480.0000
   20.00	1280.0000
   20.25	1120.0000
   20.50	480.0000
   20.75	320.0000
   21.00	480.0000
   21.25	320.0000
   21.50	640.0000
   21.75	800.0000
   22.00	320.0000
   22.25	960.0000
   22.50	800.0000
   22.75	160.0000
   23.00	800.0000
   23.25	960.0000
   23.50	640.0000
   23.75	320.0000
   24.00	640.0000
   24.25	160.0000
   24.50	640.0000
   24.75	320.0000
   25.00	1440.0000
   25.25	160.0000
   25.50	320.0000
   25.75	640.0000
   26.00	1120.0000
   26.25	960.0000
   26.50	640.0000
   26.75	160.0000
   27.00	480.0000
   27.25	320.0000
   27.50	800.0000
   27.75	480.0000
   28.00	480.0000
   28.25	  0.0000
   28.50	1280.0000
   28.75	480.0000
   29.00	960.0000
   29.25	320.0000
   29.50	1280.0000
   29.75	320.0000
   30.00	800.0000
   30.25	  0.0000
   30.50	320.0000
   30.75	480.0000
   31.00	1120.0000
   31.25	640.0000
   31.50	1600.0000
   31.75	480.0000
   32.00	160.0000
   32.25	  0.0000
   32.50	800.0000
   32.75	800.0000
   33.00	640.0000
   33.25	  0.0000
   33.50	1440.0000
   33.75	320.0000
   34.00	480.0000
   34.25	640.0000
   34.50	480.0000
   34.75	480.0000
   35.00	800.0000
   35.25	640.0000
   35.50	800.0000
   35.75	640.0000
   36.00	640.0000
   36.25	160.0000
   36.50	800.0000
   36.75	800.0000
   37.00	800.0000
   37.25	160.0000
   37.50	320.0000
   37.75	480.0000
   38.00	640.0000
   38.25	800.0000
   38.50	800.0000
   38.75	320.0000
   39.00	960.0000
   39.25	480.0000
   39.50	800.0000
   39.75	480.0000
   40.00	320.0000
   40.25	480.0000
   40.50	320.0000
   40.75	320.0000
   41.00	320.0000
   41.25	480.0000
   41.50	1280.0000
   41.75	640.0000
   42.00	480.0000
   42.25	320.0000
   42.50	960.0000
   42.75	320.0000
   43.00	640.0000
   43.25	320.0000
   43.50	640.0000
   43.75	960.0000
   44.00	800.0000
   44.25	160.0000
   44.50	320.0000
   44.75	480.0000
   45.00	640.0000
   45.25	160.0000
   45.50	800.0000
   45.75	640.0000
   46.00	640.0000
   46.25	320.0000
   46.50	480.0000
   46.75	480.0000
   47.00	640.0000
   47.25	800.0000
   47.50	960.0000
   47.75	320.0000
   48.00	640.0000
   48.25	320.0000
   48.50	640.0000
   48.75	480.0000
   49.00	800.0000
   49.25	480.0000
   49.50	640.0000
   49.75	640.0000
   50.00	320.0000
   50.25	480.0000
   50.50	480.0000
   50.75	320.0000
   51.00	320.0000
   51.25	480.0000
   51.50	800.0000
   51.75	640.0000
   52.00	480.0000
   52.25	  0.0000
   52.50	320.0000
   52.75	  0.0000
   53.00	  0.0000
   53.25	160.0000
   53.50	160.0000
   53.75	480.0000
   54.00	160.0000
   54.25	  0.0000
   54.50	  0.0000
   54.75	  0.0000
   55.00	160.0000
   55.25	  0.0000
   55.50	160.0000
   55.75	  0.0000
   56.00	  0.0000
   56.25	  0.0000
   56.50	  0.0000
   56.75	  0.0000
   57.00	  0.0000
   57.25	  0.0000
   57.50	160.0000
   57.75	  0.0000
   58.00	320.0000
   58.25	320.0000
   58.50	320.0000
   58.75	160.0000
   59.00	  0.0000
   59.25	160.0000
   59.50	160.0000
   59.75	  0.0000
   60.00	  0.0000
   60.25	320.0000
   60.50	  0.0000
   60.75	160.0000
   61.00	480.0000
   61.25	160.0000
   61.50	  0.0000
   61.75	  0.0000
   62.00	160.0000
   62.25	160.0000
   62.50	480.0000
   62.75	160.0000
   63.00	320.0000
   63.25	160.0000
   63.50	160.0000
   63.75	480.0000
   64.00	160.0000
   64.25	160.0000
   64.50	320.0000
   64.75	320.0000
   65.00	480.0000
   65.25	160.0000
   65.50	480.0000
   65.75	  0.0000
   66.00	160.0000
   66.25	160.0000
   66.50	320.0000
   66.75	  0.0000
   67.00	160.0000
   67.25	160.0000
   67.50	320.0000
   67.75	  0.0000
   68.00	160.0000
   68.25	320.0000
   68.50	480.0000
   68.75	480.0000
   69.00	160.0000
   69.25	160.0000
   69.50	160.0000
   69.75	320.0000
   70.00	  0.0000
   70.25	480.0000
   70.50	160.0000
   70.75	320.0000
   71.00	  0.0000
   71.25	480.0000
   71.50	  0.0000
   71.75	160.0000
   72.00	160.0000
   72.25	  0.0000
   72.50	160.0000
   72.75	320.0000
   73.00	160.0000
   73.25	  0.0000
   73.50	320.0000
   73.75	160.0000
   74.00	320.0000
   74.25	  0.0000
   74.50	480.0000
   74.75	160.0000
   75.00	  0.0000
   75.25	160.0000
   75.50	320.0000
   75.75	320.0000
   76.00	160.0000
   76.25	320.0000
   76.50	  0.0000
   76.75	160.0000
   77.00	160.0000
   77.25	640.0000
   77.50	160.0000
   77.75	320.0000
   78.00	160.0000
   78.25	320.0000
   78.50	160.0000
   78.75	160.0000
   79.00	  0.0000
   79.25	  0.0000
   79.50	320.0000
   79.75	160.0000
   80.00	320.0000
   80.25	160.0000
   80.50	160.0000
   80.75	320.0000
   81.00	160.0000
   81.25	160.0000
   81.50	160.0000
   81.75	480.0000
   82.00	  0.0000
   82.25	320.0000
   82.50	160.0000
   82.75	320.0000
   83.00	160.0000
   83.25	160.0000
   83.50	160.0000
   83.75	  0.0000
   84.00	800.0000
   84.25	320.0000
   84.50	320.0000
   84.75	  0.0000
   85.00	160.0000
   85.25	320.0000
   85.50	  0.0000
   85.75	160.0000
   86.00	320.0000
   86.25	640.0000
   86.50	160.0000
   86.75	480.0000
   87.00	  0.0000
   87.25	320.0000
   87.50	  0.0000
   87.75	  0.0000
   88.00	320.0000
   88.25	320.0000
   88.50	320.0000
   88.75	  0.0000
   89.00	320.0000
   89.25	320.0000
   89.50	160.0000
   89.75	  0.0000
   90.00	160.0000
   90.25	  0.0000
   90.50	  0.0000
   90.75	  0.0000
   91.00	  0.0000
   91.25	  0.0000
   91.50	  0.0000
   91.75	  0.0000
   92.00	  0.0000
   92.25	  0.0000
   92.50	  0.0000
   92.75	  0.0000
   93.00	  0.0000
   93.25	  0.0000
   93.50	  0.0000
   93.75	  0.0000
   94.00	  0.0000
   94.25	  0.0000
   94.50	  0.0000
   94.75	  0.0000
   95.00	  0.0000
   95.25	  0.0000
   95.50	  0.0000
   95.75	  0.0000
   96.00	  0.0000
   96.25	  0.0000
   96.50	  0.0000
   96.75	  0.0000
   97.00	  0.0000
   97.25	  0.0000
   97.50	  0.0000
   97.75	  0.0000
   98.00	  0.0000
   98.25	  0.0000
   98.50	  0.0000
   98.75	  0.0000
   99.00	  0.0000
   99.25	  0.0000
   99.50	  0.0000
   99.75	  0.0000
  100.00	  0.0000
  100.25	  0.0000
  100.50	  0.0000
  100.75	  0.0000
  101.00	  0.0000
  101.25	  0.0000
  101.50	  0.0000
  101.75	  0.0000
  102.00	  0.0000
  102.25	  0.0000
  102.50	  0.0000
  102.75	  0.0000
  103.00	  0.0000
  103.25	  0.0000
  103.50	  0.0000
  103.75	  0.0000
  104.00	  0.0000
  104.25	  0.0000
  104.50	  0.0000
  104.75	  0.0000
  105.00	  0.0000
  105.25	  0.0000
  105.50	  0.0000
  105.75	  0.0000
  106.00	  0.0000
  106.25	  0.0000
  106.50	  0.0000
  106.75	  0.0000
  107.00	  0.0000
  107.25	  0.0000
  107.50	  0.0000
  107.75	  0.0000
  108.00	  0.0000
  108.25	  0.0000
  108.50	  0.0000
  108.75	  0.0000
  109.00	  0.0000
  109.25	  0.0000
  109.50	  0.0000
  109.75	  0.0000
  110.00	  0.0000
  110.25	  0.0000


# CV mean 0.237949
# Time (ms), Rate (sp/s), mISI (ms), sISI (ms), CV ()
    0.00	  0.0000	  0.0000	  0.0000
    1.00	  0.0000	  0.0000	  0.0000
    2.00	  0.0000	  0.0000	  0.0000
    3.00	  0.0000	  0.0000	  0.0000
    4.00	  0.0000	  0.0000	  0.0000
    5.00	  0.0000	  0.0000	  0.0000
    6.00	  0.0000	  0.0000	  0.0000
    7.00	  0.0000	  0.0000	  0.0000
    8.00	  0.0000	  0.0000	  0.0000
    9.00	  0.0000	  0.0000	  0.0000
   10.00	  0.0000	  0.0000	  0.0000
   11.00	  0.0000	  0.0000	  0.0000
   12.00	  0.0000	  0.0000	  0.0000
   13.00	  0.0000	  0.0000	  0.0000
   14.00	  0.0000	  0.0000	  0.0000
   15.00	  0.0000	  0.0000	  0.0000
   16.00	  0.0741	  2.7000	  0.2000
   17.00	  0.0000	  0.0000	  0.0000
   18.00	  0.0000	  0.0000	  0.0000
   19.00	  0.0000	  0.0000	  0.0000
   20.00	  0.0000	  0.0000	  0.0000
   21.00	  0.0000	  0.0000	  0.0000
   22.00	  0.0000	  0.0000	  0.0000
   23.00	  0.0000	  0.0000	  0.0000
   24.00	  0.3541	  3.6500	  1.2923
   25.00	  0.0000	  0.0000	  0.0000
   26.00	  0.1653	  3.1444	  0.5199
   27.00	  0.0000	  0.0000	  0.0000
   28.00	  0.2634	  3.1000	  0.8165
   29.00	  0.0000	  0.0000	  0.0000
   30.00	  0.0000	  0.0000	  0.0000
   31.00	  0.0000	  0.0000	  0.0000
   32.00	  0.0000	  0.0000	  0.0000
   33.00	  0.0000	  0.0000	  0.0000
   34.00	  0.0000	  0.0000	  0.0000
   35.00	  0.0000	  0.0000	  0.0000
   36.00	  0.0000	  0.0000	  0.0000
   37.00	  0.0000	  0.0000	  0.0000
   38.00	  0.1577	  3.6600	  0.5771
   39.00	  0.2864	  2.6667	  0.7638
   40.00	  0.0000	  0.0000	  0.0000
   41.00	  0.4275	  3.2500	  1.3892
   42.00	  0.0000	  0.0000	  0.0000
   43.00	  0.0000	  0.0000	  0.0000
   44.00	  0.0000	  0.0000	  0.0000
   45.00	  0.2037	  4.2333	  0.8622
   46.00	  0.0000	  0.0000	  0.0000
   47.00	  0.0000	  0.0000	  0.0000
   48.00	  0.0000	  0.0000	  0.0000
   49.00	  0.2406	  3.6000	  0.8660
   50.00	  0.4026	  3.8667	  1.5567
   51.00	  0.1358	  3.6333	  0.4933
   52.00	  0.0000	  0.0000	  0.0000
   53.00	  0.0000	  0.0000	  0.0000
   54.00	  0.0000	  0.0000	  0.0000
   55.00	  0.0000	  0.0000	  0.0000
   56.00	  0.0000	  0.0000	  0.0000
   57.00	  0.0000	  0.0000	  0.0000
   58.00	  0.0000	  0.0000	  0.0000
   59.00	  0.2580	  3.1333	  0.8083
   60.00	  0.0000	  0.0000	  0.0000
   61.00	  0.0000	  0.0000	  0.0000
   62.00	  0.1479	  2.7333	  0.4041
   63.00	  0.0000	  0.0000	  0.0000
   64.00	  0.2089	  3.5500	  0.7416
   65.00	  0.0000	  0.0000	  0.0000
   66.00	  0.0000	  0.0000	  0.0000
   67.00	  0.0000	  0.0000	  0.0000
   68.00	  0.3545	  3.6333	  1.2879
   69.00	  0.0000	  0.0000	  0.0000
   70.00	  0.0000	  0.0000	  0.0000
   71.00	  0.0000	  0.0000	  0.0000
   72.00	  0.0000	  0.0000	  0.0000
   73.00	  0.0000	  0.0000	  0.0000
   74.00	  0.3205	  3.0200	  0.9680
   75.00	  0.0000	  0.0000	  0.0000
   76.00	  0.0000	  0.0000	  0.0000
   77.00	  0.0000	  0.0000	  0.0000
   78.00	  0.0000	  0.0000	  0.0000
   79.00	  0.3006	  2.7750	  0.8342
   80.00	  0.1367	  3.1200	  0.4266
   81.00	  0.0000	  0.0000	  0.0000
   82.00	  0.0000	  0.0000	  0.0000
   83.00	  0.0000	  0.0000	  0.0000
   84.00	  0.0000	  0.0000	  0.0000
   85.00	  0.0000	  0.0000	  0.0000
   86.00	  0.0000	  0.0000	  0.0000
   87.00	  0.0000	  0.0000	  0.0000
   88.00	  0.1877	  3.4667	  0.6506
   89.00	  0.0000	  0.0000	  0.0000
   90.00	  0.0000	  0.0000	  0.0000
   91.00	  0.1900	  3.7333	  0.7095
   92.00	  0.0000	  0.0000	  0.0000
   93.00	  0.0000	  0.0000	  0.0000
   94.00	  0.0000	  0.0000	  0.0000
   95.00	  0.1938	  2.9333	  0.5686
   96.00	  0.0000	  0.0000	  0.0000
   97.00	  0.0000	  0.0000	  0.0000
   98.00	  0.0000	  0.0000	  0.0000
   99.00	  0.0000	  0.0000	  0.0000
  100.00	  0.0000	  0.0000	  0.0000
  101.00	  0.0000	  0.0000	  0.0000
  102.00	  0.4348	  3.8000	  1.6523
  103.00	  0.0000	  0.0000	  0.0000
  104.00	  0.1891	  2.9429	  0.5563
  105.00	  0.0000	  0.0000	  0.0000
  106.00	  0.3630	  3.4667	  1.2583
  107.00	  0.0000	  0.0000	  0.0000
  108.00	  0.0000	  0.0000	  0.0000
  109.00	  0.0964	  3.3333	  0.3215
  110.00	  0.0000	  0.0000	  0.0000
  111.00	  0.0000	  0.0000	  0.0000
  112.00	  0.0000	  0.0000	  0.0000
  113.00	  0.0000	  0.0000	  0.0000
  114.00	  0.1673	  2.6500	  0.4435
  115.00	  0.0000	  0.0000	  0.0000
  116.00	  0.0937	  3.8000	  0.3559
  117.00	  0.0000	  0.0000	  0.0000
  118.00	  0.0000	  0.0000	  0.0000
  119.00	  0.0000	  0.0000	  0.0000
  120.00	  0.0000	  0.0000	  0.0000
  121.00	  0.0000	  0.0000	  0.0000
  122.00	  0.0000	  0.0000	  0.0000
  123.00	  0.0000	  0.0000	  0.0000
  124.00	  0.3519	  3.2800	  1.1541
  125.00	  0.0619	  2.4667	  0.1528
  126.00	  0.0000	  0.0000	  0.0000
  127.00	  0.0000	  0.0000	  0.0000
  128.00	  0.0000	  0.0000	  0.0000
  129.00	  0.0000	  0.0000	  0.0000
  130.00	  0.2055	  3.0000	  0.6164
  131.00	  0.0000	  0.0000	  0.0000
  132.00	  0.0000	  0.0000	  0.0000
  133.00	  0.3008	  3.7200	  1.1189
  134.00	  0.1343	  2.8750	  0.3862
  135.00	  0.0000	  0.0000	  0.0000
  136.00	  0.0000	  0.0000	  0.0000
  137.00	  0.0000	  0.0000	  0.0000
  138.00	  0.0000	  0.0000	  0.0000
  139.00	  0.0000	  0.0000	  0.0000
  140.00	  0.0000	  0.0000	  0.0000
  141.00	  0.0000	  0.0000	  0.0000
  142.00	  0.0000	  0.0000	  0.0000
  143.00	  0.2244	  3.0333	  0.6807
  144.00	  0.0000	  0.0000	  0.0000
  145.00	  0.2734	  2.9333	  0.8021
  146.00	  0.2871	  4.0667	  1.1676
  147.00	  0.0000	  0.0000	  0.0000
  148.00	  0.0000	  0.0000	  0.0000
  149.00	  0.0000	  0.0000	  0.0000
  150.00	  0.0000	  0.0000	  0.0000
  151.00	  0.0000	  0.0000	  0.0000
  152.00	  0.0336	  3.4333	  0.1155
  153.00	  0.5210	  3.5667	  1.8583
  154.00	  0.0000	  0.0000	  0.0000
  155.00	  0.0000	  0.0000	  0.0000
  156.00	  0.0000	  0.0000	  0.0000
  157.00	  0.2608	  3.5750	  0.9323
  158.00	  0.0000	  0.0000	  0.0000
  159.00	  0.0000	  0.0000	  0.0000
  160.00	  0.0000	  0.0000	  0.0000
  161.00	  0.0000	  0.0000	  0.0000
  162.00	  0.0000	  0.0000	  0.0000
  163.00	  0.0000	  0.0000	  0.0000
  164.00	  0.0000	  0.0000	  0.0000
  165.00	  0.0000	  0.0000	  0.0000
  166.00	  0.2994	  3.5500	  1.0630
  167.00	  0.0000	  0.0000	  0.0000
  168.00	  0.0000	  0.0000	  0.0000
  169.00	  0.3632	  3.6000	  1.3077
  170.00	  0.0000	  0.0000	  0.0000
  171.00	  0.0000	  0.0000	  0.0000
  172.00	  0.0000	  0.0000	  0.0000
  173.00	  0.0000	  0.0000	  0.0000
  174.00	  0.0000	  0.0000	  0.0000
  175.00	  0.0000	  0.0000	  0.0000
  176.00	  0.1944	  2.8333	  0.5508
  177.00	  0.0000	  0.0000	  0.0000
  178.00	  0.2713	  2.6667	  0.7234
  179.00	  0.0000	  0.0000	  0.0000
  180.00	  0.0000	  0.0000	  0.0000
  181.00	  0.0839	  3.8333	  0.3215
  182.00	  0.2489	  3.7333	  0.9292
  183.00	  0.0000	  0.0000	  0.0000
  184.00	  0.0000	  0.0000	  0.0000
  185.00	  0.0000	  0.0000	  0.0000
  186.00	  0.0000	  0.0000	  0.0000
  187.00	  0.0000	  0.0000	  0.0000
  188.00	  0.0000	  0.0000	  0.0000
  189.00	  0.0000	  0.0000	  0.0000
  190.00	  0.0000	  0.0000	  0.0000
  191.00	  0.0000	  0.0000	  0.0000
  192.00	  0.0000	  0.0000	  0.0000
  193.00	  0.0000	  0.0000	  0.0000
  194.00	  0.0000	  0.0000	  0.0000
  195.00	  0.0000	  0.0000	  0.0000
  196.00	  0.0000	  0.0000	  0.0000
  197.00	  0.0000	  0.0000	  0.0000
  198.00	  0.0000	  0.0000	  0.0000
  199.00	  0.0000	  0.0000	  0.0000


# Time (ms), ISIH (sp/s), FSL (ms)
# ISI Mean 2.63158, Std Dev 5.88674 Median 0
# FSL Mean 5.39583, Std Dev 1.14226 Median 5.8
    0.00	  0.0000	  0.0000
    0.10	  0.0000	  0.0000
    0.20	  0.0000	  0.0000
    0.30	  0.0000	  0.0000
    0.40	  0.0000	  0.0000
    0.50	  0.0000	  0.0000
    0.60	  0.0000	  0.0000
    0.70	  0.0000	  0.0000
    0.80	  0.0000	  0.0000
    0.90	  0.0000	  0.0000
    1.00	  0.0000	  0.0000
    1.10	  0.0000	  0.0000
    1.20	  0.0000	  0.0000
    1.30	  0.0000	  0.0000
    1.40	  0.0000	  0.0000
    1.50	  0.0000	  0.0000
    1.60	  0.0000	  0.0000
    1.70	  0.0000	  0.0000
    1.80	  0.0000	  0.0000
    1.90	  1.2821	  0.0000
    2.00	  1.2821	  0.0000
    2.10	  5.1282	  0.0000
    2.20	 11.5385	  0.0000
    2.30	 24.3590	  0.0000
    2.40	 10.2564	  0.0000
    2.50	 17.9487	  0.0000
    2.60	 21.7949	  0.0000
    2.70	 19.2308	  0.0000
    2.80	 26.9231	  0.0000
    2.90	 19.2308	  0.0000
    3.00	 19.2308	  0.0000
    3.10	 21.7949	  0.0000
    3.20	 16.6667	  0.0000
    3.30	 15.3846	  0.0000
    3.40	 15.3846	  1.0000
    3.50	 12.8205	  0.0000
    3.60	 17.9487	  0.0000
    3.70	 12.8205	  0.0000
    3.80	 15.3846	  2.0000
    3.90	 12.8205	  0.0000
    4.00	 10.2564	  0.0000
    4.10	  7.6923	  1.0000
    4.20	  8.9744	  2.0000
    4.30	  7.6923	  0.0000
    4.40	  8.9744	  0.0000
    4.50	  6.4103	  0.0000
    4.60	  3.8462	  1.0000
    4.70	  2.5641	  0.0000
    4.80	  3.8462	  0.0000
    4.90	  1.2821	  2.0000
    5.00	  2.5641	  0.0000
    5.10	  3.8462	  1.0000
    5.20	  1.2821	  0.0000
    5.30	  3.8462	  0.0000
    5.40	  1.2821	  0.0000
    5.50	  2.5641	  1.0000
    5.60	  1.2821	  0.0000
    5.70	  1.2821	  0.0000
    5.80	  0.0000	  1.0000
    5.90	  0.0000	  0.0000
    6.00	  0.0000	  1.0000
    6.10	  1.2821	  2.0000
    6.20	  0.0000	  1.0000
    6.30	  0.0000	  1.0000
    6.40	  0.0000	  1.0000
    6.50	  0.0000	  1.0000
    6.60	  0.0000	  2.0000
    6.70	  0.0000	  1.0000
    6.80	  0.0000	  1.0000
    6.90	  0.0000	  0.0000
    7.00	  0.0000	  0.0000
    7.10	  0.0000	  0.0000
    7.20	  0.0000	  0.0000
    7.30	  0.0000	  1.0000
    7.40	  0.0000	  0.0000
    7.50	  0.0000	  0.0000
    7.60	  0.0000	  0.0000
    7.70	  0.0000	  0.0000
    7.80	  0.0000	  0.0000
    7.90	  0.0000	  0.0000
    8.00	  0.0000	  0.0000
    8.10	  0.0000	  0.0000
    8.20	  0.0000	  0.0000
    8.30	  0.0000	  0.0000
    8.40	  0.0000	  0.0000
    8.50	  0.0000	  0.0000
    8.60	  0.0000	  0.0000
    8.70	  0.0000	  0.0000
    8.80	  0.0000	  0.0000
    8.90	  0.0000	  0.0000
    9.00	  0.0000	  0.0000
    9.10	  0.0000	  0.0000
    9.20	  0.0000	  0.0000
    9.30	  0.0000	  0.0000
    9.40	  0.0000	  0.0000
    9.50	  0.0000	  0.0000
    9.60	  0.0000	  0.0000
    9.70	  0.0000	  0.0000
    9.80	  0.0000	  0.0000
    9.90	  0.0000	  0.0000
   10.00	  0.0000	  0.0000
   10.10	  0.0000	  0.0000
   10.20	  0.0000	  0.0000
   10.30	  0.0000	  0.0000
   10.40	  0.0000	  0.0000
   10.50	  0.0000	  0.0000
   10.60	  0.0000	  0.0000
   10.70	  0.0000	  0.0000
   10.80	  0.0000	  0.0000
   10.90	  0.0000	  0.0000
   11.00	  0.0000	  0.0000
   11.10	  0.0000	  0.0000
   11.20	  0.0000	  0.0000
   11.30	  0.0000	  0.0000
   11.40	  0.0000	  0.0000
   11.50	  0.0000	  0.0000
   11.60	  0.0000	  0.0000
   11.70	  0.0000	  0.0000
   11.80	  0.0000	  0.0000
   11.90	  0.0000	  0.0000
   12.00	  0.0000	  0.0000
   12.10	  0.0000	  0.0000
   12.20	  0.0000	  0.0000
   12.30	  0.0000	  0.0000
   12.40	  0.0000	  0.0000
   12.50	  0.0000	  0.0000
   12.60	  0.0000	  0.0000
   12.70	  0.0000	  0.0000
   12.80	  0.0000	  0.0000
   12.90	  0.0000	  0.0000
   13.00	  0.0000	  0.0000
   13.10	  0.0000	  0.0000
   13.20	  0.0000	  0.0000
   13.30	  0.0000	  0.0000
   13.40	  0.0000	  0.0000
   13.50	  0.0000	  0.0000
   13.60	  0.0000	  0.0000
   13.70	  0.0000	  0.0000
   13.80	  0.0000	  0.0000
   13.90	  0.0000	  0.0000
   14.00	  0.0000	  0.0000
   14.10	  0.0000	  0.0000
   14.20	  0.0000	  0.0000
   14.30	  0.0000	  0.0000
   14.40	  0.0000	  0.0000
   14.50	  0.0000	  0.0000
   14.60	  0.0000	  0.0000
   14.70	  0.0000	  0.0000
   14.80	  0.0000	  0.0000
   14.90	  0.0000	  0.0000
   15.00	  0.0000	  0.0000
   15.10	  0.0000	  0.0000
