# PSTH analysis in T stellate 21, CF 3850Hz
# Stimulus 3900 Hz, 40 dB, 25 reps
# Binwidth 10
# 2012-11-05-212313
# CV mean 0.181575
# Time (ms), Rate (sp/s), mISI (ms), sISI (ms), CV ()
    0.00	  0.0000
   10.00	400.0000
   20.00	536.0000
   30.00	548.0000
   40.00	532.0000
   50.00	512.0000
   60.00	260.0000
   70.00	  0.0000
   80.00	  4.0000
   90.00	 28.0000
  100.00	 20.0000
  110.00	  4.0000
  120.00	  0.0000
  130.00	  0.0000
  140.00	  0.0000
  150.00	  0.0000
  160.00	  0.0000


# CV mean 0.181575
# Time (ms), Rate (sp/s), mISI (ms), sISI (ms), CV ()
    0.00	  0.1657	  3.0490	  0.5052
    1.00	  0.1983	  3.6634	  0.7265
    2.00	  0.1520	  3.6328	  0.5521
    3.00	  0.2124	  3.8709	  0.8223
    4.00	  0.1795	  3.7391	  0.6711
    5.00	  0.0000	  0.0000	  0.0000
    6.00	  0.0000	  0.0000	  0.0000
    7.00	  0.0000	  0.0000	  0.0000
    8.00	  0.0000	  0.0000	  0.0000
    9.00	  0.0000	  0.0000	  0.0000
   10.00	  0.0000	  0.0000	  0.0000
   11.00	  0.0000	  0.0000	  0.0000
   12.00	  0.0000	  0.0000	  0.0000
   13.00	  0.0000	  0.0000	  0.0000
   14.00	  0.0000	  0.0000	  0.0000
   15.00	  0.0000	  0.0000	  0.0000
   16.00	  0.0000	  0.0000	  0.0000


# Time (ms), ISIH (sp/s), FSL (ms)
# ISI Mean 1.9802, Std Dev 5.79968 Median 0
# FSL Mean 6.092, Std Dev 0.563096 Median 6.2
    0.00	  0.0000	  0.0000
    0.10	  0.0000	  0.0000
    0.20	  0.0000	  0.0000
    0.30	  0.0000	  0.0000
    0.40	  0.0000	  0.0000
    0.50	  0.0000	  0.0000
    0.60	  0.0000	  0.0000
    0.70	  0.0000	  0.0000
    0.80	  0.0000	  0.0000
    0.90	  0.0000	  0.0000
    1.00	  0.0000	  0.0000
    1.10	  0.0000	  0.0000
    1.20	  0.0000	  0.0000
    1.30	  0.0000	  0.0000
    1.40	  0.0000	  0.0000
    1.50	  0.0000	  0.0000
    1.60	  0.0000	  0.0000
    1.70	  0.0000	  0.0000
    1.80	  0.0000	  0.0000
    1.90	  0.0000	  0.0000
    2.00	  0.0000	  0.0000
    2.10	  0.0000	  0.0000
    2.20	  0.6734	  0.0000
    2.30	  2.0202	  0.0000
    2.40	  1.3468	  0.0000
    2.50	  2.6936	  0.0000
    2.60	  5.3872	  0.0000
    2.70	  9.4276	  0.0000
    2.80	 18.1818	  0.0000
    2.90	 24.9158	  0.0000
    3.00	 24.9158	  1.0000
    3.10	 26.2626	  0.0000
    3.20	 33.6700	  0.0000
    3.30	 24.9158	  0.0000
    3.40	 19.5286	  0.0000
    3.50	 24.9158	  0.0000
    3.60	 20.2020	  0.0000
    3.70	 16.8350	  0.0000
    3.80	 17.5084	  0.0000
    3.90	 17.5084	  0.0000
    4.00	 22.8956	  0.0000
    4.10	 10.1010	  0.0000
    4.20	 10.7744	  0.0000
    4.30	 10.1010	  0.0000
    4.40	  5.3872	  0.0000
    4.50	  7.4074	  1.0000
    4.60	  6.0606	  0.0000
    4.70	  4.0404	  0.0000
    4.80	  7.4074	  0.0000
    4.90	  3.3670	  0.0000
    5.00	  2.6936	  0.0000
    5.10	  1.3468	  0.0000
    5.20	  4.7138	  0.0000
    5.30	  0.6734	  0.0000
    5.40	  2.0202	  0.0000
    5.50	  2.0202	  0.0000
    5.60	  1.3468	  0.0000
    5.70	  1.3468	  3.0000
    5.80	  2.0202	  1.0000
    5.90	  0.6734	  4.0000
    6.00	  0.6734	  6.0000
    6.10	  0.0000	  8.0000
    6.20	  0.0000	  5.0000
    6.30	  1.3468	  8.0000
    6.40	  0.0000	  8.0000
    6.50	  0.0000	  1.0000
    6.60	  0.0000	  1.0000
    6.70	  0.0000	  3.0000
    6.80	  0.0000	  0.0000
    6.90	  0.0000	  0.0000
    7.00	  0.0000	  0.0000
    7.10	  0.0000	  0.0000
    7.20	  0.6734	  0.0000
    7.30	  0.0000	  0.0000
    7.40	  0.0000	  0.0000
    7.50	  0.0000	  0.0000
    7.60	  0.0000	  0.0000
    7.70	  0.0000	  0.0000
    7.80	  0.0000	  0.0000
    7.90	  0.0000	  0.0000
    8.00	  0.0000	  0.0000
    8.10	  0.0000	  0.0000
    8.20	  0.0000	  0.0000
    8.30	  0.0000	  0.0000
    8.40	  0.0000	  0.0000
    8.50	  0.0000	  0.0000
    8.60	  0.0000	  0.0000
    8.70	  0.0000	  0.0000
    8.80	  0.0000	  0.0000
    8.90	  0.0000	  0.0000
    9.00	  0.0000	  0.0000
    9.10	  0.0000	  0.0000
    9.20	  0.0000	  0.0000
    9.30	  0.0000	  0.0000
    9.40	  0.0000	  0.0000
    9.50	  0.0000	  0.0000
    9.60	  0.0000	  0.0000
    9.70	  0.0000	  0.0000
    9.80	  0.0000	  0.0000
    9.90	  0.0000	  0.0000
   10.00	  0.0000	  0.0000
   10.10	  0.0000	  0.0000
   10.20	  0.0000	  0.0000
   10.30	  0.0000	  0.0000
   10.40	  0.0000	  0.0000
   10.50	  0.0000	  0.0000
   10.60	  0.0000	  0.0000
   10.70	  0.0000	  0.0000
   10.80	  0.0000	  0.0000
   10.90	  0.0000	  0.0000
   11.00	  0.0000	  0.0000
   11.10	  0.0000	  0.0000
   11.20	  0.0000	  0.0000
   11.30	  0.0000	  0.0000
   11.40	  0.0000	  0.0000
   11.50	  0.0000	  0.0000
   11.60	  0.0000	  0.0000
   11.70	  0.0000	  0.0000
   11.80	  0.0000	  0.0000
   11.90	  0.0000	  0.0000
   12.00	  0.0000	  0.0000
   12.10	  0.0000	  0.0000
   12.20	  0.0000	  0.0000
   12.30	  0.0000	  0.0000
   12.40	  0.0000	  0.0000
   12.50	  0.0000	  0.0000
   12.60	  0.0000	  0.0000
   12.70	  0.0000	  0.0000
   12.80	  0.0000	  0.0000
   12.90	  0.0000	  0.0000
   13.00	  0.0000	  0.0000
   13.10	  0.0000	  0.0000
   13.20	  0.0000	  0.0000
   13.30	  0.0000	  0.0000
   13.40	  0.0000	  0.0000
   13.50	  0.0000	  0.0000
   13.60	  0.0000	  0.0000
   13.70	  0.0000	  0.0000
   13.80	  0.0000	  0.0000
   13.90	  0.0000	  0.0000
   14.00	  0.0000	  0.0000
   14.10	  0.0000	  0.0000
   14.20	  0.0000	  0.0000
   14.30	  0.0000	  0.0000
   14.40	  0.0000	  0.0000
   14.50	  0.0000	  0.0000
   14.60	  0.0000	  0.0000
   14.70	  0.0000	  0.0000
   14.80	  0.0000	  0.0000
   14.90	  0.0000	  0.0000
   15.00	  0.0000	  0.0000
   15.10	  0.0000	  0.0000
   15.20	  0.0000	  0.0000
   15.30	  0.0000	  0.0000
   15.40	  0.0000	  0.0000
   15.50	  0.0000	  0.0000
   15.60	  0.0000	  0.0000
   15.70	  0.0000	  0.0000
   15.80	  0.0000	  0.0000
   15.90	  0.0000	  0.0000
   16.00	  0.0000	  0.0000
   16.10	  0.0000	  0.0000
   16.20	  0.0000	  0.0000
   16.30	  0.0000	  0.0000
   16.40	  0.0000	  0.0000
   16.50	  0.0000	  0.0000
   16.60	  0.0000	  0.0000
   16.70	  0.0000	  0.0000
   16.80	  0.0000	  0.0000
   16.90	  0.0000	  0.0000
   17.00	  0.0000	  0.0000
   17.10	  0.0000	  0.0000
   17.20	  0.0000	  0.0000
   17.30	  0.0000	  0.0000
   17.40	  0.0000	  0.0000
   17.50	  0.0000	  0.0000
   17.60	  0.0000	  0.0000
   17.70	  0.0000	  0.0000
   17.80	  0.0000	  0.0000
   17.90	  0.0000	  0.0000
   18.00	  0.0000	  0.0000
   18.10	  0.0000	  0.0000
   18.20	  0.0000	  0.0000
   18.30	  0.0000	  0.0000
   18.40	  0.0000	  0.0000
   18.50	  0.0000	  0.0000
   18.60	  0.0000	  0.0000
   18.70	  0.0000	  0.0000
   18.80	  0.0000	  0.0000
   18.90	  0.0000	  0.0000
   19.00	  0.0000	  0.0000
   19.10	  0.0000	  0.0000
   19.20	  0.0000	  0.0000
   19.30	  0.0000	  0.0000
   19.40	  0.0000	  0.0000
   19.50	  0.0000	  0.0000
   19.60	  0.0000	  0.0000
   19.70	  0.0000	  0.0000
   19.80	  0.0000	  0.0000
   19.90	  0.0000	  0.0000
   20.00	  0.0000	  0.0000
   20.10	  0.0000	  0.0000
