# PSTH analysis 42, CF 9206Hz
# Stimulus 9100 Hz, 70 dB, 25 reps
# Binwidth 0.25
# 2013-09-03-164347
# CV mean 0.227082	0.0202399
# Time (ms), Rate (sp/s), mISI (ms), sISI (ms), CV ()
    0.00	  0.0000
    0.25	  0.0000
    0.50	  0.0000
    0.75	  0.0000
    1.00	  0.0000
    1.25	  0.0000
    1.50	  0.0000
    1.75	  0.0000
    2.00	  0.0000
    2.25	  0.0000
    2.50	  0.0000
    2.75	  0.0000
    3.00	  0.0000
    3.25	  0.0000
    3.50	  0.0000
    3.75	  0.0000
    4.00	  0.0000
    4.25	  0.0000
    4.50	  0.0000
    4.75	  0.0000
    5.00	  0.0000
    5.25	  0.0000
    5.50	  0.0000
    5.75	  0.0000
    6.00	  0.0000
    6.25	  0.0000
    6.50	  0.0000
    6.75	  0.0000
    7.00	  0.0000
    7.25	1760.0000
    7.50	1600.0000
    7.75	320.0000
    8.00	  0.0000
    8.25	  0.0000
    8.50	  0.0000
    8.75	  0.0000
    9.00	  0.0000
    9.25	  0.0000
    9.50	  0.0000
    9.75	  0.0000
   10.00	  0.0000
   10.25	160.0000
   10.50	160.0000
   10.75	320.0000
   11.00	  0.0000
   11.25	1120.0000
   11.50	640.0000
   11.75	640.0000
   12.00	160.0000
   12.25	320.0000
   12.50	  0.0000
   12.75	  0.0000
   13.00	160.0000
   13.25	480.0000
   13.50	160.0000
   13.75	  0.0000
   14.00	960.0000
   14.25	160.0000
   14.50	320.0000
   14.75	  0.0000
   15.00	320.0000
   15.25	320.0000
   15.50	640.0000
   15.75	  0.0000
   16.00	320.0000
   16.25	160.0000
   16.50	160.0000
   16.75	480.0000
   17.00	  0.0000
   17.25	320.0000
   17.50	  0.0000
   17.75	640.0000
   18.00	480.0000
   18.25	160.0000
   18.50	480.0000
   18.75	160.0000
   19.00	320.0000
   19.25	320.0000
   19.50	320.0000
   19.75	320.0000
   20.00	640.0000
   20.25	480.0000
   20.50	  0.0000
   20.75	  0.0000
   21.00	640.0000
   21.25	320.0000
   21.50	320.0000
   21.75	160.0000
   22.00	480.0000
   22.25	160.0000
   22.50	160.0000
   22.75	160.0000
   23.00	480.0000
   23.25	160.0000
   23.50	  0.0000
   23.75	320.0000
   24.00	800.0000
   24.25	160.0000
   24.50	320.0000
   24.75	320.0000
   25.00	480.0000
   25.25	160.0000
   25.50	480.0000
   25.75	160.0000
   26.00	320.0000
   26.25	160.0000
   26.50	320.0000
   26.75	160.0000
   27.00	160.0000
   27.25	  0.0000
   27.50	320.0000
   27.75	160.0000
   28.00	320.0000
   28.25	640.0000
   28.50	  0.0000
   28.75	480.0000
   29.00	800.0000
   29.25	  0.0000
   29.50	160.0000
   29.75	160.0000
   30.00	320.0000
   30.25	160.0000
   30.50	480.0000
   30.75	160.0000
   31.00	640.0000
   31.25	160.0000
   31.50	320.0000
   31.75	160.0000
   32.00	320.0000
   32.25	  0.0000
   32.50	640.0000
   32.75	160.0000
   33.00	320.0000
   33.25	320.0000
   33.50	  0.0000
   33.75	160.0000
   34.00	320.0000
   34.25	  0.0000
   34.50	800.0000
   34.75	320.0000
   35.00	320.0000
   35.25	  0.0000
   35.50	480.0000
   35.75	160.0000
   36.00	480.0000
   36.25	160.0000
   36.50	160.0000
   36.75	  0.0000
   37.00	320.0000
   37.25	160.0000
   37.50	160.0000
   37.75	480.0000
   38.00	320.0000
   38.25	160.0000
   38.50	160.0000
   38.75	320.0000
   39.00	160.0000
   39.25	480.0000
   39.50	480.0000
   39.75	320.0000
   40.00	  0.0000
   40.25	160.0000
   40.50	640.0000
   40.75	480.0000
   41.00	160.0000
   41.25	160.0000
   41.50	160.0000
   41.75	640.0000
   42.00	160.0000
   42.25	  0.0000
   42.50	160.0000
   42.75	  0.0000
   43.00	320.0000
   43.25	320.0000
   43.50	160.0000
   43.75	320.0000
   44.00	320.0000
   44.25	640.0000
   44.50	160.0000
   44.75	480.0000
   45.00	320.0000
   45.25	160.0000
   45.50	320.0000
   45.75	160.0000
   46.00	160.0000
   46.25	160.0000
   46.50	480.0000
   46.75	160.0000
   47.00	  0.0000
   47.25	160.0000
   47.50	160.0000
   47.75	  0.0000
   48.00	640.0000
   48.25	320.0000
   48.50	160.0000
   48.75	  0.0000
   49.00	640.0000
   49.25	160.0000
   49.50	160.0000
   49.75	320.0000
   50.00	800.0000
   50.25	  0.0000
   50.50	160.0000
   50.75	640.0000
   51.00	320.0000
   51.25	160.0000
   51.50	160.0000
   51.75	160.0000
   52.00	160.0000
   52.25	160.0000
   52.50	640.0000
   52.75	160.0000
   53.00	160.0000
   53.25	160.0000
   53.50	160.0000
   53.75	  0.0000
   54.00	640.0000
   54.25	480.0000
   54.50	320.0000
   54.75	  0.0000
   55.00	160.0000
   55.25	160.0000
   55.50	800.0000
   55.75	  0.0000
   56.00	480.0000
   56.25	160.0000
   56.50	160.0000
   56.75	160.0000
   57.00	160.0000
   57.25	640.0000
   57.50	160.0000
   57.75	  0.0000
   58.00	320.0000
   58.25	320.0000
   58.50	160.0000
   58.75	  0.0000
   59.00	  0.0000
   59.25	160.0000
   59.50	  0.0000
   59.75	  0.0000
   60.00	  0.0000
   60.25	  0.0000
   60.50	  0.0000
   60.75	  0.0000
   61.00	  0.0000
   61.25	  0.0000
   61.50	  0.0000
   61.75	  0.0000
   62.00	  0.0000
   62.25	  0.0000
   62.50	  0.0000
   62.75	  0.0000
   63.00	  0.0000
   63.25	  0.0000
   63.50	  0.0000
   63.75	  0.0000
   64.00	  0.0000
   64.25	  0.0000
   64.50	  0.0000
   64.75	  0.0000
   65.00	  0.0000
   65.25	  0.0000
   65.50	  0.0000
   65.75	  0.0000
   66.00	  0.0000
   66.25	  0.0000
   66.50	  0.0000
   66.75	  0.0000
   67.00	  0.0000
   67.25	  0.0000
   67.50	  0.0000
   67.75	  0.0000
   68.00	  0.0000
   68.25	  0.0000
   68.50	  0.0000
   68.75	  0.0000
   69.00	  0.0000
   69.25	  0.0000
   69.50	  0.0000
   69.75	  0.0000
   70.00	  0.0000
   70.25	  0.0000
   70.50	  0.0000
   70.75	  0.0000
   71.00	  0.0000
   71.25	  0.0000
   71.50	  0.0000
   71.75	  0.0000
   72.00	  0.0000
   72.25	  0.0000
   72.50	  0.0000
   72.75	  0.0000
   73.00	  0.0000
   73.25	  0.0000
   73.50	  0.0000
   73.75	  0.0000
   74.00	  0.0000
   74.25	  0.0000
   74.50	  0.0000
   74.75	  0.0000
   75.00	  0.0000
   75.25	  0.0000
   75.50	  0.0000
   75.75	  0.0000
   76.00	  0.0000
   76.25	  0.0000
   76.50	  0.0000
   76.75	  0.0000
   77.00	  0.0000
   77.25	  0.0000
   77.50	  0.0000
   77.75	  0.0000
   78.00	  0.0000
   78.25	  0.0000
   78.50	  0.0000
   78.75	  0.0000
   79.00	  0.0000
   79.25	  0.0000
   79.50	  0.0000
   79.75	  0.0000
   80.00	  0.0000
   80.25	  0.0000
   80.50	  0.0000
   80.75	  0.0000
   81.00	  0.0000
   81.25	  0.0000
   81.50	  0.0000
   81.75	  0.0000
   82.00	  0.0000
   82.25	  0.0000
   82.50	  0.0000
   82.75	  0.0000
   83.00	  0.0000
   83.25	  0.0000
   83.50	  0.0000
   83.75	  0.0000
   84.00	  0.0000
   84.25	  0.0000
   84.50	  0.0000
   84.75	  0.0000
   85.00	  0.0000
   85.25	  0.0000
   85.50	  0.0000
   85.75	  0.0000
   86.00	  0.0000
   86.25	  0.0000
   86.50	  0.0000
   86.75	  0.0000
   87.00	  0.0000
   87.25	  0.0000
   87.50	  0.0000
   87.75	  0.0000
   88.00	  0.0000
   88.25	  0.0000
   88.50	  0.0000
   88.75	  0.0000
   89.00	  0.0000
   89.25	  0.0000
   89.50	  0.0000
   89.75	  0.0000
   90.00	  0.0000
   90.25	  0.0000
   90.50	  0.0000
   90.75	  0.0000
   91.00	  0.0000
   91.25	  0.0000
   91.50	  0.0000
   91.75	  0.0000
   92.00	  0.0000
   92.25	  0.0000
   92.50	  0.0000
   92.75	  0.0000
   93.00	  0.0000
   93.25	  0.0000
   93.50	  0.0000
   93.75	  0.0000
   94.00	  0.0000
   94.25	  0.0000
   94.50	  0.0000
   94.75	  0.0000
   95.00	  0.0000
   95.25	  0.0000
   95.50	  0.0000
   95.75	  0.0000
   96.00	  0.0000
   96.25	  0.0000
   96.50	  0.0000
   96.75	  0.0000
   97.00	  0.0000
   97.25	  0.0000
   97.50	  0.0000
   97.75	  0.0000
   98.00	  0.0000
   98.25	  0.0000
   98.50	  0.0000
   98.75	  0.0000
   99.00	  0.0000
   99.25	  0.0000
   99.50	  0.0000
   99.75	  0.0000
  100.00	  0.0000
  100.25	  0.0000
  100.50	  0.0000
  100.75	  0.0000
  101.00	  0.0000
  101.25	  0.0000
  101.50	  0.0000
  101.75	  0.0000
  102.00	  0.0000
  102.25	  0.0000
  102.50	  0.0000
  102.75	  0.0000
  103.00	  0.0000
  103.25	  0.0000
  103.50	  0.0000
  103.75	  0.0000
  104.00	  0.0000
  104.25	  0.0000
  104.50	  0.0000
  104.75	  0.0000
  105.00	  0.0000
  105.25	  0.0000
  105.50	  0.0000
  105.75	  0.0000
  106.00	  0.0000
  106.25	  0.0000
  106.50	  0.0000
  106.75	  0.0000
  107.00	  0.0000
  107.25	  0.0000
  107.50	  0.0000
  107.75	  0.0000
  108.00	  0.0000
  108.25	  0.0000
  108.50	  0.0000
  108.75	  0.0000
  109.00	  0.0000
  109.25	  0.0000
  109.50	  0.0000
  109.75	  0.0000
  110.00	  0.0000
  110.25	  0.0000
  110.50	  0.0000
  110.75	  0.0000
  111.00	  0.0000
  111.25	  0.0000
  111.50	  0.0000
  111.75	  0.0000
  112.00	  0.0000
  112.25	  0.0000
  112.50	  0.0000
  112.75	  0.0000
  113.00	  0.0000
  113.25	  0.0000
  113.50	  0.0000
  113.75	  0.0000
  114.00	  0.0000
  114.25	  0.0000
  114.50	  0.0000
  114.75	  0.0000


# CV mean 0.227082
# Time (ms), Rate (sp/s), mISI (ms), sISI (ms), CV ()
    0.00	  0.0000	  0.0000	  0.0000
    1.00	  0.0000	  0.0000	  0.0000
    2.00	  0.0000	  0.0000	  0.0000
    3.00	  0.0000	  0.0000	  0.0000
    4.00	  0.0000	  0.0000	  0.0000
    5.00	  0.0000	  0.0000	  0.0000
    6.00	  0.0000	  0.0000	  0.0000
    7.00	  0.0000	  0.0000	  0.0000
    8.00	  0.0000	  0.0000	  0.0000
    9.00	  0.0000	  0.0000	  0.0000
   10.00	  0.0000	  0.0000	  0.0000
   11.00	  0.0000	  0.0000	  0.0000
   12.00	  0.0000	  0.0000	  0.0000
   13.00	  0.0000	  0.0000	  0.0000
   14.00	  0.0000	  0.0000	  0.0000
   15.00	  0.0000	  0.0000	  0.0000
   16.00	  0.0000	  0.0000	  0.0000
   17.00	  0.0000	  0.0000	  0.0000
   18.00	  0.0000	  0.0000	  0.0000
   19.00	  0.0000	  0.0000	  0.0000
   20.00	  0.0000	  0.0000	  0.0000
   21.00	  0.0000	  0.0000	  0.0000
   22.00	  0.0000	  0.0000	  0.0000
   23.00	  0.0000	  0.0000	  0.0000
   24.00	  0.0000	  0.0000	  0.0000
   25.00	  0.0000	  0.0000	  0.0000
   26.00	  0.0000	  0.0000	  0.0000
   27.00	  0.0000	  0.0000	  0.0000
   28.00	  0.2165	  4.4909	  0.9721
   29.00	  0.1169	  3.7800	  0.4417
   30.00	  0.0000	  0.0000	  0.0000
   31.00	  0.0000	  0.0000	  0.0000
   32.00	  0.0000	  0.0000	  0.0000
   33.00	  0.0000	  0.0000	  0.0000
   34.00	  0.0000	  0.0000	  0.0000
   35.00	  0.0000	  0.0000	  0.0000
   36.00	  0.0000	  0.0000	  0.0000
   37.00	  0.0000	  0.0000	  0.0000
   38.00	  0.0000	  0.0000	  0.0000
   39.00	  0.0000	  0.0000	  0.0000
   40.00	  0.0000	  0.0000	  0.0000
   41.00	  0.0000	  0.0000	  0.0000
   42.00	  0.0000	  0.0000	  0.0000
   43.00	  0.0000	  0.0000	  0.0000
   44.00	  0.2525	  3.2714	  0.8261
   45.00	  0.2580	  2.9750	  0.7676
   46.00	  0.3135	  3.2000	  1.0033
   47.00	  0.0000	  0.0000	  0.0000
   48.00	  0.0000	  0.0000	  0.0000
   49.00	  0.0000	  0.0000	  0.0000
   50.00	  0.0000	  0.0000	  0.0000
   51.00	  0.0000	  0.0000	  0.0000
   52.00	  0.1238	  4.0667	  0.5033
   53.00	  0.0000	  0.0000	  0.0000
   54.00	  0.0000	  0.0000	  0.0000
   55.00	  0.2643	  4.6500	  1.2292
   56.00	  0.0000	  0.0000	  0.0000
   57.00	  0.0000	  0.0000	  0.0000
   58.00	  0.0000	  0.0000	  0.0000
   59.00	  0.0000	  0.0000	  0.0000
   60.00	  0.0000	  0.0000	  0.0000
   61.00	  0.1513	  2.3750	  0.3594
   62.00	  0.0000	  0.0000	  0.0000
   63.00	  0.0000	  0.0000	  0.0000
   64.00	  0.0000	  0.0000	  0.0000
   65.00	  0.0000	  0.0000	  0.0000
   66.00	  0.1541	  3.0667	  0.4726
   67.00	  0.0000	  0.0000	  0.0000
   68.00	  0.0000	  0.0000	  0.0000
   69.00	  0.0000	  0.0000	  0.0000
   70.00	  0.3506	  3.0750	  1.0782
   71.00	  0.0000	  0.0000	  0.0000
   72.00	  0.0000	  0.0000	  0.0000
   73.00	  0.0000	  0.0000	  0.0000
   74.00	  0.0000	  0.0000	  0.0000
   75.00	  0.0000	  0.0000	  0.0000
   76.00	  0.0000	  0.0000	  0.0000
   77.00	  0.0000	  0.0000	  0.0000
   78.00	  0.1992	  3.0667	  0.6110
   79.00	  0.0000	  0.0000	  0.0000
   80.00	  0.2044	  3.0000	  0.6132
   81.00	  0.0000	  0.0000	  0.0000
   82.00	  0.0000	  0.0000	  0.0000
   83.00	  0.1952	  3.2000	  0.6245
   84.00	  0.1208	  3.7333	  0.4509
   85.00	  0.0000	  0.0000	  0.0000
   86.00	  0.0000	  0.0000	  0.0000
   87.00	  0.0000	  0.0000	  0.0000
   88.00	  0.0000	  0.0000	  0.0000
   89.00	  0.0000	  0.0000	  0.0000
   90.00	  0.0000	  0.0000	  0.0000
   91.00	  0.2225	  3.6333	  0.8083
   92.00	  0.0000	  0.0000	  0.0000
   93.00	  0.0000	  0.0000	  0.0000
   94.00	  0.0000	  0.0000	  0.0000
   95.00	  0.0000	  0.0000	  0.0000
   96.00	  0.2662	  3.5400	  0.9423
   97.00	  0.0000	  0.0000	  0.0000
   98.00	  0.2330	  4.2250	  0.9845
   99.00	  0.4449	  3.7000	  1.6462
  100.00	  0.0000	  0.0000	  0.0000
  101.00	  0.1237	  3.3667	  0.4163
  102.00	  0.0000	  0.0000	  0.0000
  103.00	  0.0000	  0.0000	  0.0000
  104.00	  0.0000	  0.0000	  0.0000
  105.00	  0.0000	  0.0000	  0.0000
  106.00	  0.0000	  0.0000	  0.0000
  107.00	  0.0000	  0.0000	  0.0000
  108.00	  0.0000	  0.0000	  0.0000
  109.00	  0.0000	  0.0000	  0.0000
  110.00	  0.0000	  0.0000	  0.0000
  111.00	  0.0000	  0.0000	  0.0000
  112.00	  0.2582	  3.1333	  0.8091
  113.00	  0.0000	  0.0000	  0.0000
  114.00	  0.2963	  3.0000	  0.8888
  115.00	  0.2328	  3.1667	  0.7371
  116.00	  0.0000	  0.0000	  0.0000
  117.00	  0.0000	  0.0000	  0.0000
  118.00	  0.0000	  0.0000	  0.0000
  119.00	  0.0000	  0.0000	  0.0000
  120.00	  0.2759	  3.6667	  1.0116
  121.00	  0.0925	  3.9000	  0.3606
  122.00	  0.0000	  0.0000	  0.0000
  123.00	  0.3720	  3.4667	  1.2897
  124.00	  0.0000	  0.0000	  0.0000
  125.00	  0.0000	  0.0000	  0.0000
  126.00	  0.0000	  0.0000	  0.0000
  127.00	  0.0000	  0.0000	  0.0000
  128.00	  0.0000	  0.0000	  0.0000
  129.00	  0.0000	  0.0000	  0.0000
  130.00	  0.1245	  3.5000	  0.4359
  131.00	  0.0000	  0.0000	  0.0000
  132.00	  0.2270	  2.9333	  0.6658
  133.00	  0.0000	  0.0000	  0.0000
  134.00	  0.0000	  0.0000	  0.0000
  135.00	  0.0000	  0.0000	  0.0000
  136.00	  0.0000	  0.0000	  0.0000
  137.00	  0.1953	  4.1500	  0.8103
  138.00	  0.1013	  3.4667	  0.3512
  139.00	  0.0000	  0.0000	  0.0000
  140.00	  0.0000	  0.0000	  0.0000
  141.00	  0.0000	  0.0000	  0.0000
  142.00	  0.1547	  3.6000	  0.5568
  143.00	  0.0000	  0.0000	  0.0000
  144.00	  0.0000	  0.0000	  0.0000
  145.00	  0.0000	  0.0000	  0.0000
  146.00	  0.0000	  0.0000	  0.0000
  147.00	  0.0000	  0.0000	  0.0000
  148.00	  0.0000	  0.0000	  0.0000
  149.00	  0.0000	  0.0000	  0.0000
  150.00	  0.4429	  4.9000	  2.1703
  151.00	  0.0000	  0.0000	  0.0000
  152.00	  0.0000	  0.0000	  0.0000
  153.00	  0.0000	  0.0000	  0.0000
  154.00	  0.0000	  0.0000	  0.0000
  155.00	  0.0000	  0.0000	  0.0000
  156.00	  0.2443	  3.3333	  0.8145
  157.00	  0.0000	  0.0000	  0.0000
  158.00	  0.2222	  3.6000	  0.8000
  159.00	  0.0000	  0.0000	  0.0000
  160.00	  0.0000	  0.0000	  0.0000
  161.00	  0.0000	  0.0000	  0.0000
  162.00	  0.1450	  3.8200	  0.5541
  163.00	  0.0000	  0.0000	  0.0000
  164.00	  0.0000	  0.0000	  0.0000
  165.00	  0.0000	  0.0000	  0.0000
  166.00	  0.4265	  3.9000	  1.6633
  167.00	  0.0000	  0.0000	  0.0000
  168.00	  0.0000	  0.0000	  0.0000
  169.00	  0.0000	  0.0000	  0.0000
  170.00	  0.0000	  0.0000	  0.0000
  171.00	  0.0000	  0.0000	  0.0000
  172.00	  0.1283	  2.7000	  0.3464
  173.00	  0.0000	  0.0000	  0.0000
  174.00	  0.0000	  0.0000	  0.0000
  175.00	  0.0000	  0.0000	  0.0000
  176.00	  0.2924	  4.6750	  1.3672
  177.00	  0.0000	  0.0000	  0.0000
  178.00	  0.3717	  4.9333	  1.8339
  179.00	  0.0000	  0.0000	  0.0000
  180.00	  0.0000	  0.0000	  0.0000
  181.00	  0.0000	  0.0000	  0.0000
  182.00	  0.0000	  0.0000	  0.0000
  183.00	  0.0000	  0.0000	  0.0000
  184.00	  0.0000	  0.0000	  0.0000
  185.00	  0.0000	  0.0000	  0.0000
  186.00	  0.1068	  3.9250	  0.4193
  187.00	  0.0000	  0.0000	  0.0000
  188.00	  0.0000	  0.0000	  0.0000
  189.00	  0.0000	  0.0000	  0.0000
  190.00	  0.0000	  0.0000	  0.0000
  191.00	  0.3204	  3.3667	  1.0786
  192.00	  0.0679	  3.0667	  0.2082
  193.00	  0.0000	  0.0000	  0.0000
  194.00	  0.0000	  0.0000	  0.0000
  195.00	  0.0000	  0.0000	  0.0000
  196.00	  0.0000	  0.0000	  0.0000
  197.00	  0.0000	  0.0000	  0.0000
  198.00	  0.0000	  0.0000	  0.0000
  199.00	  0.0000	  0.0000	  0.0000
  200.00	  0.0000	  0.0000	  0.0000
  201.00	  0.0000	  0.0000	  0.0000
  202.00	  0.0000	  0.0000	  0.0000
  203.00	  0.0000	  0.0000	  0.0000
  204.00	  0.0000	  0.0000	  0.0000
  205.00	  0.0000	  0.0000	  0.0000
  206.00	  0.0000	  0.0000	  0.0000
  207.00	  0.0000	  0.0000	  0.0000
  208.00	  0.0000	  0.0000	  0.0000
  209.00	  0.0000	  0.0000	  0.0000
  210.00	  0.0000	  0.0000	  0.0000
  211.00	  0.0000	  0.0000	  0.0000
  212.00	  0.0000	  0.0000	  0.0000
  213.00	  0.0000	  0.0000	  0.0000
  214.00	  0.0000	  0.0000	  0.0000
  215.00	  0.0000	  0.0000	  0.0000
  216.00	  0.0000	  0.0000	  0.0000
  217.00	  0.0000	  0.0000	  0.0000
  218.00	  0.0000	  0.0000	  0.0000
  219.00	  0.0000	  0.0000	  0.0000
  220.00	  0.0000	  0.0000	  0.0000
  221.00	  0.0000	  0.0000	  0.0000
  222.00	  0.0000	  0.0000	  0.0000
  223.00	  0.0000	  0.0000	  0.0000
  224.00	  0.0000	  0.0000	  0.0000
  225.00	  0.0000	  0.0000	  0.0000
  226.00	  0.0000	  0.0000	  0.0000
  227.00	  0.0000	  0.0000	  0.0000
  228.00	  0.0000	  0.0000	  0.0000
  229.00	  0.0000	  0.0000	  0.0000
  230.00	  0.0000	  0.0000	  0.0000
  231.00	  0.0000	  0.0000	  0.0000
  232.00	  0.0000	  0.0000	  0.0000
  233.00	  0.0000	  0.0000	  0.0000
  234.00	  0.0000	  0.0000	  0.0000
  235.00	  0.0000	  0.0000	  0.0000
  236.00	  0.0000	  0.0000	  0.0000
  237.00	  0.0000	  0.0000	  0.0000
  238.00	  0.0000	  0.0000	  0.0000
  239.00	  0.0000	  0.0000	  0.0000
  240.00	  0.0000	  0.0000	  0.0000
  241.00	  0.0000	  0.0000	  0.0000
  242.00	  0.0000	  0.0000	  0.0000
  243.00	  0.0000	  0.0000	  0.0000
  244.00	  0.0000	  0.0000	  0.0000
  245.00	  0.0000	  0.0000	  0.0000
  246.00	  0.0000	  0.0000	  0.0000
  247.00	  0.0000	  0.0000	  0.0000
  248.00	  0.0000	  0.0000	  0.0000
  249.00	  0.0000	  0.0000	  0.0000
  250.00	  0.0000	  0.0000	  0.0000
  251.00	  0.0000	  0.0000	  0.0000
  252.00	  0.0000	  0.0000	  0.0000
  253.00	  0.0000	  0.0000	  0.0000
  254.00	  0.0000	  0.0000	  0.0000
  255.00	  0.0000	  0.0000	  0.0000
  256.00	  0.0000	  0.0000	  0.0000
  257.00	  0.0000	  0.0000	  0.0000
  258.00	  0.0000	  0.0000	  0.0000
  259.00	  0.0000	  0.0000	  0.0000
  260.00	  0.0000	  0.0000	  0.0000
  261.00	  0.0000	  0.0000	  0.0000
  262.00	  0.0000	  0.0000	  0.0000
  263.00	  0.0000	  0.0000	  0.0000
  264.00	  0.0000	  0.0000	  0.0000
  265.00	  0.0000	  0.0000	  0.0000
  266.00	  0.0000	  0.0000	  0.0000
  267.00	  0.0000	  0.0000	  0.0000
  268.00	  0.0000	  0.0000	  0.0000
  269.00	  0.0000	  0.0000	  0.0000
  270.00	  0.0000	  0.0000	  0.0000
  271.00	  0.0000	  0.0000	  0.0000
  272.00	  0.0000	  0.0000	  0.0000
  273.00	  0.0000	  0.0000	  0.0000
  274.00	  0.0000	  0.0000	  0.0000
  275.00	  0.0000	  0.0000	  0.0000
  276.00	  0.0000	  0.0000	  0.0000
  277.00	  0.0000	  0.0000	  0.0000
  278.00	  0.0000	  0.0000	  0.0000
  279.00	  0.0000	  0.0000	  0.0000
  280.00	  0.0000	  0.0000	  0.0000
  281.00	  0.0000	  0.0000	  0.0000
  282.00	  0.0000	  0.0000	  0.0000
  283.00	  0.0000	  0.0000	  0.0000
  284.00	  0.0000	  0.0000	  0.0000
  285.00	  0.0000	  0.0000	  0.0000
  286.00	  0.0000	  0.0000	  0.0000
  287.00	  0.0000	  0.0000	  0.0000
  288.00	  0.0000	  0.0000	  0.0000
  289.00	  0.0000	  0.0000	  0.0000
  290.00	  0.0000	  0.0000	  0.0000
  291.00	  0.0000	  0.0000	  0.0000
  292.00	  0.0000	  0.0000	  0.0000
  293.00	  0.0000	  0.0000	  0.0000
  294.00	  0.0000	  0.0000	  0.0000
  295.00	  0.0000	  0.0000	  0.0000
  296.00	  0.0000	  0.0000	  0.0000
  297.00	  0.0000	  0.0000	  0.0000
  298.00	  0.0000	  0.0000	  0.0000
  299.00	  0.0000	  0.0000	  0.0000
  300.00	  0.0000	  0.0000	  0.0000
  301.00	  0.0000	  0.0000	  0.0000
  302.00	  0.0000	  0.0000	  0.0000
  303.00	  0.0000	  0.0000	  0.0000
  304.00	  0.0000	  0.0000	  0.0000
  305.00	  0.0000	  0.0000	  0.0000
  306.00	  0.0000	  0.0000	  0.0000
  307.00	  0.0000	  0.0000	  0.0000
  308.00	  0.0000	  0.0000	  0.0000
  309.00	  0.0000	  0.0000	  0.0000
  310.00	  0.0000	  0.0000	  0.0000
  311.00	  0.0000	  0.0000	  0.0000
  312.00	  0.0000	  0.0000	  0.0000
  313.00	  0.0000	  0.0000	  0.0000
  314.00	  0.0000	  0.0000	  0.0000
  315.00	  0.0000	  0.0000	  0.0000
  316.00	  0.0000	  0.0000	  0.0000
  317.00	  0.0000	  0.0000	  0.0000
  318.00	  0.0000	  0.0000	  0.0000
  319.00	  0.0000	  0.0000	  0.0000
  320.00	  0.0000	  0.0000	  0.0000
  321.00	  0.0000	  0.0000	  0.0000
  322.00	  0.0000	  0.0000	  0.0000
  323.00	  0.0000	  0.0000	  0.0000
  324.00	  0.0000	  0.0000	  0.0000
  325.00	  0.0000	  0.0000	  0.0000
  326.00	  0.0000	  0.0000	  0.0000
  327.00	  0.0000	  0.0000	  0.0000
  328.00	  0.0000	  0.0000	  0.0000
  329.00	  0.0000	  0.0000	  0.0000
  330.00	  0.0000	  0.0000	  0.0000
  331.00	  0.0000	  0.0000	  0.0000
  332.00	  0.0000	  0.0000	  0.0000
  333.00	  0.0000	  0.0000	  0.0000
  334.00	  0.0000	  0.0000	  0.0000
  335.00	  0.0000	  0.0000	  0.0000
  336.00	  0.0000	  0.0000	  0.0000
  337.00	  0.0000	  0.0000	  0.0000
  338.00	  0.0000	  0.0000	  0.0000
  339.00	  0.0000	  0.0000	  0.0000
  340.00	  0.0000	  0.0000	  0.0000
  341.00	  0.0000	  0.0000	  0.0000
  342.00	  0.0000	  0.0000	  0.0000
  343.00	  0.0000	  0.0000	  0.0000
  344.00	  0.0000	  0.0000	  0.0000
  345.00	  0.0000	  0.0000	  0.0000
  346.00	  0.0000	  0.0000	  0.0000
  347.00	  0.0000	  0.0000	  0.0000
  348.00	  0.0000	  0.0000	  0.0000
  349.00	  0.0000	  0.0000	  0.0000
  350.00	  0.0000	  0.0000	  0.0000
  351.00	  0.0000	  0.0000	  0.0000
  352.00	  0.0000	  0.0000	  0.0000
  353.00	  0.0000	  0.0000	  0.0000
  354.00	  0.0000	  0.0000	  0.0000
  355.00	  0.0000	  0.0000	  0.0000
  356.00	  0.0000	  0.0000	  0.0000
  357.00	  0.0000	  0.0000	  0.0000
  358.00	  0.0000	  0.0000	  0.0000
  359.00	  0.0000	  0.0000	  0.0000
  360.00	  0.0000	  0.0000	  0.0000
  361.00	  0.0000	  0.0000	  0.0000
  362.00	  0.0000	  0.0000	  0.0000
  363.00	  0.0000	  0.0000	  0.0000
  364.00	  0.0000	  0.0000	  0.0000
  365.00	  0.0000	  0.0000	  0.0000
  366.00	  0.0000	  0.0000	  0.0000
  367.00	  0.0000	  0.0000	  0.0000
  368.00	  0.0000	  0.0000	  0.0000
  369.00	  0.0000	  0.0000	  0.0000
  370.00	  0.0000	  0.0000	  0.0000
  371.00	  0.0000	  0.0000	  0.0000
  372.00	  0.0000	  0.0000	  0.0000
  373.00	  0.0000	  0.0000	  0.0000
  374.00	  0.0000	  0.0000	  0.0000
  375.00	  0.0000	  0.0000	  0.0000
  376.00	  0.0000	  0.0000	  0.0000
  377.00	  0.0000	  0.0000	  0.0000
  378.00	  0.0000	  0.0000	  0.0000
  379.00	  0.0000	  0.0000	  0.0000
  380.00	  0.0000	  0.0000	  0.0000
  381.00	  0.0000	  0.0000	  0.0000
  382.00	  0.0000	  0.0000	  0.0000
  383.00	  0.0000	  0.0000	  0.0000
  384.00	  0.0000	  0.0000	  0.0000
  385.00	  0.0000	  0.0000	  0.0000
  386.00	  0.0000	  0.0000	  0.0000
  387.00	  0.0000	  0.0000	  0.0000
  388.00	  0.0000	  0.0000	  0.0000
  389.00	  0.0000	  0.0000	  0.0000
  390.00	  0.0000	  0.0000	  0.0000
  391.00	  0.0000	  0.0000	  0.0000
  392.00	  0.0000	  0.0000	  0.0000
  393.00	  0.0000	  0.0000	  0.0000
  394.00	  0.0000	  0.0000	  0.0000
  395.00	  0.0000	  0.0000	  0.0000
  396.00	  0.0000	  0.0000	  0.0000
  397.00	  0.0000	  0.0000	  0.0000
  398.00	  0.0000	  0.0000	  0.0000
  399.00	  0.0000	  0.0000	  0.0000
  400.00	  0.0000	  0.0000	  0.0000
  401.00	  0.0000	  0.0000	  0.0000
  402.00	  0.0000	  0.0000	  0.0000
  403.00	  0.0000	  0.0000	  0.0000
  404.00	  0.0000	  0.0000	  0.0000
  405.00	  0.0000	  0.0000	  0.0000
  406.00	  0.0000	  0.0000	  0.0000
  407.00	  0.0000	  0.0000	  0.0000
  408.00	  0.0000	  0.0000	  0.0000
  409.00	  0.0000	  0.0000	  0.0000
  410.00	  0.0000	  0.0000	  0.0000
  411.00	  0.0000	  0.0000	  0.0000
  412.00	  0.0000	  0.0000	  0.0000
  413.00	  0.0000	  0.0000	  0.0000
  414.00	  0.0000	  0.0000	  0.0000
  415.00	  0.0000	  0.0000	  0.0000
  416.00	  0.0000	  0.0000	  0.0000
  417.00	  0.0000	  0.0000	  0.0000
  418.00	  0.0000	  0.0000	  0.0000
  419.00	  0.0000	  0.0000	  0.0000
  420.00	  0.0000	  0.0000	  0.0000
  421.00	  0.0000	  0.0000	  0.0000
  422.00	  0.0000	  0.0000	  0.0000
  423.00	  0.0000	  0.0000	  0.0000
  424.00	  0.0000	  0.0000	  0.0000
  425.00	  0.0000	  0.0000	  0.0000
  426.00	  0.0000	  0.0000	  0.0000
  427.00	  0.0000	  0.0000	  0.0000
  428.00	  0.0000	  0.0000	  0.0000
  429.00	  0.0000	  0.0000	  0.0000
  430.00	  0.0000	  0.0000	  0.0000
  431.00	  0.0000	  0.0000	  0.0000
  432.00	  0.0000	  0.0000	  0.0000
  433.00	  0.0000	  0.0000	  0.0000
  434.00	  0.0000	  0.0000	  0.0000
  435.00	  0.0000	  0.0000	  0.0000
  436.00	  0.0000	  0.0000	  0.0000
  437.00	  0.0000	  0.0000	  0.0000
  438.00	  0.0000	  0.0000	  0.0000
  439.00	  0.0000	  0.0000	  0.0000
  440.00	  0.0000	  0.0000	  0.0000
  441.00	  0.0000	  0.0000	  0.0000
  442.00	  0.0000	  0.0000	  0.0000
  443.00	  0.0000	  0.0000	  0.0000
  444.00	  0.0000	  0.0000	  0.0000
  445.00	  0.0000	  0.0000	  0.0000
  446.00	  0.0000	  0.0000	  0.0000
  447.00	  0.0000	  0.0000	  0.0000
  448.00	  0.0000	  0.0000	  0.0000
  449.00	  0.0000	  0.0000	  0.0000
  450.00	  0.0000	  0.0000	  0.0000
  451.00	  0.0000	  0.0000	  0.0000
  452.00	  0.0000	  0.0000	  0.0000
  453.00	  0.0000	  0.0000	  0.0000
  454.00	  0.0000	  0.0000	  0.0000
  455.00	  0.0000	  0.0000	  0.0000
  456.00	  0.0000	  0.0000	  0.0000
  457.00	  0.0000	  0.0000	  0.0000
  458.00	  0.0000	  0.0000	  0.0000
  459.00	  0.0000	  0.0000	  0.0000


# Time (ms), ISIH (sp/s), FSL (ms)
# ISI Mean 1.9802, Std Dev 4.82294 Median 0
# FSL Mean 7.62, Std Dev 1.27214 Median 7.3
    0.00	  0.0000	  0.0000
    0.10	  0.0000	  0.0000
    0.20	  0.0000	  0.0000
    0.30	  0.0000	  0.0000
    0.40	  0.0000	  0.0000
    0.50	  0.0000	  0.0000
    0.60	  0.0000	  0.0000
    0.70	  0.0000	  0.0000
    0.80	  0.0000	  0.0000
    0.90	  0.0000	  0.0000
    1.00	  0.0000	  0.0000
    1.10	  0.0000	  0.0000
    1.20	  0.0000	  0.0000
    1.30	  0.0000	  0.0000
    1.40	  0.0000	  0.0000
    1.50	  0.0000	  0.0000
    1.60	  0.0000	  0.0000
    1.70	  1.3514	  0.0000
    1.80	  0.0000	  0.0000
    1.90	  0.0000	  0.0000
    2.00	  0.0000	  0.0000
    2.10	  6.7568	  0.0000
    2.20	  6.7568	  0.0000
    2.30	  6.7568	  0.0000
    2.40	 10.8108	  0.0000
    2.50	 12.1622	  0.0000
    2.60	 13.5135	  0.0000
    2.70	 18.9189	  0.0000
    2.80	 14.8649	  0.0000
    2.90	 24.3243	  0.0000
    3.00	 17.5676	  0.0000
    3.10	 12.1622	  0.0000
    3.20	 17.5676	  0.0000
    3.30	 10.8108	  0.0000
    3.40	  8.1081	  0.0000
    3.50	 21.6216	  0.0000
    3.60	 12.1622	  0.0000
    3.70	 21.6216	  0.0000
    3.80	 12.1622	  0.0000
    3.90	 10.8108	  0.0000
    4.00	 13.5135	  0.0000
    4.10	 17.5676	  0.0000
    4.20	 16.2162	  0.0000
    4.30	  5.4054	  0.0000
    4.40	 12.1622	  0.0000
    4.50	 12.1622	  0.0000
    4.60	  9.4595	  0.0000
    4.70	  1.3514	  0.0000
    4.80	  5.4054	  0.0000
    4.90	  9.4595	  0.0000
    5.00	  1.3514	  0.0000
    5.10	  2.7027	  0.0000
    5.20	  2.7027	  0.0000
    5.30	  2.7027	  0.0000
    5.40	  5.4054	  0.0000
    5.50	  2.7027	  0.0000
    5.60	  2.7027	  0.0000
    5.70	  0.0000	  0.0000
    5.80	  0.0000	  0.0000
    5.90	  1.3514	  0.0000
    6.00	  1.3514	  0.0000
    6.10	  0.0000	  0.0000
    6.20	  1.3514	  0.0000
    6.30	  6.7568	  0.0000
    6.40	  0.0000	  0.0000
    6.50	  0.0000	  0.0000
    6.60	  1.3514	  0.0000
    6.70	  0.0000	  0.0000
    6.80	  0.0000	  0.0000
    6.90	  1.3514	  0.0000
    7.00	  1.3514	  0.0000
    7.10	  0.0000	  2.0000
    7.20	  0.0000	  3.0000
    7.30	  0.0000	  6.0000
    7.40	  0.0000	  8.0000
    7.50	  0.0000	  2.0000
    7.60	  0.0000	  1.0000
    7.70	  0.0000	  0.0000
    7.80	  0.0000	  1.0000
    7.90	  1.3514	  0.0000
    8.00	  0.0000	  0.0000
    8.10	  0.0000	  0.0000
    8.20	  0.0000	  0.0000
    8.30	  0.0000	  0.0000
    8.40	  0.0000	  0.0000
    8.50	  0.0000	  0.0000
    8.60	  0.0000	  0.0000
    8.70	  0.0000	  0.0000
    8.80	  0.0000	  0.0000
    8.90	  0.0000	  0.0000
    9.00	  0.0000	  0.0000
    9.10	  0.0000	  0.0000
    9.20	  0.0000	  0.0000
    9.30	  0.0000	  0.0000
    9.40	  0.0000	  0.0000
    9.50	  0.0000	  0.0000
    9.60	  0.0000	  0.0000
    9.70	  0.0000	  0.0000
    9.80	  0.0000	  0.0000
    9.90	  0.0000	  0.0000
   10.00	  0.0000	  0.0000
   10.10	  0.0000	  0.0000
   10.20	  0.0000	  0.0000
   10.30	  0.0000	  0.0000
   10.40	  0.0000	  0.0000
   10.50	  0.0000	  0.0000
   10.60	  0.0000	  0.0000
   10.70	  0.0000	  0.0000
   10.80	  0.0000	  0.0000
   10.90	  0.0000	  0.0000
   11.00	  0.0000	  0.0000
   11.10	  0.0000	  0.0000
   11.20	  0.0000	  0.0000
   11.30	  0.0000	  0.0000
   11.40	  0.0000	  0.0000
   11.50	  0.0000	  1.0000
   11.60	  0.0000	  0.0000
   11.70	  0.0000	  0.0000
   11.80	  0.0000	  0.0000
   11.90	  0.0000	  0.0000
   12.00	  0.0000	  0.0000
   12.10	  0.0000	  0.0000
   12.20	  0.0000	  0.0000
   12.30	  0.0000	  1.0000
   12.40	  0.0000	  0.0000
   12.50	  0.0000	  0.0000
   12.60	  0.0000	  0.0000
   12.70	  0.0000	  0.0000
   12.80	  0.0000	  0.0000
   12.90	  0.0000	  0.0000
   13.00	  0.0000	  0.0000
   13.10	  0.0000	  0.0000
   13.20	  0.0000	  0.0000
   13.30	  0.0000	  0.0000
   13.40	  0.0000	  0.0000
   13.50	  0.0000	  0.0000
   13.60	  0.0000	  0.0000
   13.70	  0.0000	  0.0000
   13.80	  0.0000	  0.0000
   13.90	  0.0000	  0.0000
   14.00	  0.0000	  0.0000
   14.10	  0.0000	  0.0000
   14.20	  0.0000	  0.0000
   14.30	  0.0000	  0.0000
   14.40	  0.0000	  0.0000
   14.50	  0.0000	  0.0000
   14.60	  0.0000	  0.0000
   14.70	  0.0000	  0.0000
   14.80	  0.0000	  0.0000
   14.90	  0.0000	  0.0000
   15.00	  0.0000	  0.0000
   15.10	  0.0000	  0.0000
   15.20	  0.0000	  0.0000
   15.30	  0.0000	  0.0000
   15.40	  0.0000	  0.0000
   15.50	  0.0000	  0.0000
   15.60	  0.0000	  0.0000
   15.70	  0.0000	  0.0000
   15.80	  0.0000	  0.0000
   15.90	  0.0000	  0.0000
   16.00	  0.0000	  0.0000
   16.10	  0.0000	  0.0000
   16.20	  0.0000	  0.0000
   16.30	  0.0000	  0.0000
   16.40	  0.0000	  0.0000
   16.50	  0.0000	  0.0000
   16.60	  0.0000	  0.0000
   16.70	  0.0000	  0.0000
   16.80	  0.0000	  0.0000
   16.90	  0.0000	  0.0000
   17.00	  0.0000	  0.0000
   17.10	  0.0000	  0.0000
   17.20	  0.0000	  0.0000
   17.30	  0.0000	  0.0000
   17.40	  0.0000	  0.0000
   17.50	  0.0000	  0.0000
   17.60	  0.0000	  0.0000
   17.70	  0.0000	  0.0000
   17.80	  0.0000	  0.0000
   17.90	  0.0000	  0.0000
   18.00	  0.0000	  0.0000
   18.10	  0.0000	  0.0000
   18.20	  0.0000	  0.0000
   18.30	  0.0000	  0.0000
   18.40	  0.0000	  0.0000
   18.50	  0.0000	  0.0000
   18.60	  0.0000	  0.0000
   18.70	  0.0000	  0.0000
   18.80	  0.0000	  0.0000
   18.90	  0.0000	  0.0000
   19.00	  0.0000	  0.0000
   19.10	  0.0000	  0.0000
   19.20	  0.0000	  0.0000
   19.30	  0.0000	  0.0000
   19.40	  0.0000	  0.0000
   19.50	  0.0000	  0.0000
   19.60	  0.0000	  0.0000
   19.70	  0.0000	  0.0000
   19.80	  0.0000	  0.0000
   19.90	  0.0000	  0.0000
   20.00	  0.0000	  0.0000
   20.10	  0.0000	  0.0000
