# TStellate2_CT1 Optimisation
# Tue Jun 18 18:34:29 EST 2013
 
#param.w.x[lsr][ts] = 0.00115814	[1e-07,0.3]
#param.w.x[hsr][ts] = 0.00107759	[1e-07,0.3]
#param.w.x[ds][ts] = 0.000420567	[1e-07,0.3]
#param.w.x[tv][ts] = 3.25372e-05	[1e-07,0.3]
#param.w.x[glg][ts] = 0.000311879	[1e-07,0.3]
#param.ts_gleak = 0.000465893	[5e-05,0.005]
#param.ts_erev = -62.9368	[0.03,0.08]
# final error=33.845919
# Threshold level 10 
# Threshold rate 625 
# TS exemplar RMP -60.9
# TS exemplar CF 9100
# Time	 IV @spl=20 (mV)	 IV @spl=30 (mV)	 IV @spl=40 (mV)
-20.00	-65.000000	-65.000000	-65.000000
-19.90	-64.872782	-64.872782	-64.872782
-19.80	-64.751968	-64.751968	-64.751968
-19.70	-64.637147	-64.637147	-64.637147
-19.60	-64.502974	-64.502974	-64.528035
-19.50	-64.381747	-64.356727	-64.424375
-19.40	-64.271211	-64.228647	-64.325921
-19.30	-64.144731	-64.115035	-64.232435
-19.20	-64.033409	-64.013163	-64.143691
-19.10	-63.934244	-63.920977	-64.059470
-19.00	-63.771067	-63.812017	-63.930071
-18.90	-63.638082	-63.692497	-63.794901
-18.80	-63.503186	-63.567436	-63.681700
-18.70	-63.344401	-63.440140	-63.535827
-18.60	-63.170260	-63.311773	-63.393082
-18.50	-62.938077	-63.184077	-63.206382
-18.40	-62.740581	-63.058392	-63.038361
-18.30	-62.545603	-62.935691	-62.909722
-18.20	-62.378545	-62.792035	-62.785884
-18.10	-62.162258	-62.684446	-62.691642
-18.00	-61.984955	-62.555424	-62.547613
-17.90	-61.861039	-62.461190	-62.417631
-17.80	-61.776894	-62.368326	-62.298799
-17.70	-61.675662	-62.277693	-62.189634
-17.60	-61.587064	-62.141405	-62.090823
-17.50	-61.484585	-61.998225	-61.974929
-17.40	-61.396497	-61.876818	-61.847403
-17.30	-61.344150	-61.699952	-61.736297
-17.20	-61.318421	-61.510041	-61.591897
-17.10	-61.312565	-61.360728	-61.402615
-17.00	-61.252029	-61.194783	-61.202790
-16.90	-61.221630	-61.016835	-61.047462
-16.80	-61.164936	-60.832066	-60.855822
-16.70	-61.093090	-60.712120	-60.680118
-16.60	-60.915178	-60.591806	-60.464822
-16.50	-60.757342	-60.496225	-60.317878
-16.40	-60.566881	-60.397116	-60.124448
-16.30	-60.405220	-60.321007	-59.969818
-16.20	-60.286495	-60.287035	-59.800929
-16.10	-60.153111	-60.215670	-59.609737
-16.00	-60.052454	-60.119993	-59.362328
-15.90	-59.997979	-60.052177	-58.732658
-15.80	-59.908298	-59.980101	-58.274969
-15.70	-59.836708	-59.879858	-58.171672
-15.60	-59.707585	-59.758312	-58.467869
-15.50	-59.623095	-59.578459	-58.935245
-15.40	-59.495731	-59.449544	-59.344841
-15.30	-59.370739	-59.330850	-59.509375
-15.20	-59.218302	-59.120620	-59.488169
-15.10	-58.918828	-58.961471	-59.283725
-15.00	-58.206338	-58.783715	-58.666585
-14.90	-58.010526	-58.549686	-58.471389
-14.80	-57.813513	-58.274339	-58.462127
-14.70	-58.124900	-57.609454	-58.865878
-14.60	-58.196838	-57.259497	-59.335506
-14.50	-58.212393	-57.190070	-59.773670
-14.40	-58.347696	-57.640857	-59.976847
-14.30	-58.855197	-58.187214	-60.036354
-14.20	-59.432954	-58.590550	-60.019749
-14.10	-59.896225	-58.734523	-59.953368
-14.00	-60.109842	-58.777483	-59.925978
-13.90	-60.158069	-58.805014	-59.816529
-13.80	-60.120546	-58.827402	-59.752721
-13.70	-59.942377	-58.848598	-59.690938
-13.60	-59.805218	-58.868153	-59.595610
-13.50	-59.681793	-58.884981	-59.418499
-13.40	-59.608507	-58.869663	-59.131409
-13.30	-59.543921	-58.820502	-58.302433
-13.20	-59.463495	-58.728794	-58.217579
-13.10	-59.349007	-58.573253	-58.166796
-13.00	-59.181743	-58.091280	-58.763424
-12.90	-58.833409	-57.947859	-59.335998
-12.80	-58.038605	-58.006410	-59.726825
-12.70	-57.952250	-58.592298	-59.895739
-12.60	-57.855580	-59.072563	-60.008354
-12.50	-58.387716	-59.401682	-60.084882
-12.40	-58.819938	-59.529695	-60.098284
-12.30	-58.955455	-59.546608	-60.046983
-12.20	-58.664481	-59.554444	-59.996041
-12.10	-58.282935	-59.519588	-59.923786
-12.00	-58.241623	-59.439152	-59.881913
-11.90	-58.635872	-59.372434	-59.837986
-11.80	-59.113978	-59.290227	-59.725154
-11.70	-59.434628	-59.199431	-59.655391
-11.60	-59.570949	-59.063435	-59.595182
-11.50	-59.651821	-59.002210	-59.563809
-11.40	-59.653067	-58.970309	-59.531632
-11.30	-59.634188	-58.958912	-59.494323
-11.20	-59.601715	-58.986320	-59.503902
-11.10	-59.608178	-59.019194	-59.525182
-11.00	-59.577561	-59.054176	-59.508257
-10.90	-59.515751	-59.067685	-59.511105
-10.80	-59.458361	-58.993044	-59.529482
-10.70	-59.333668	-58.963437	-59.556887
-10.60	-59.125293	-58.939968	-59.545146
-10.50	-58.850686	-58.863696	-59.575840
-10.40	-58.625297	-58.641874	-59.566664
-10.30	-58.345588	-58.026337	-59.577006
-10.20	-57.892551	-57.828137	-59.507687
-10.10	-57.222160	-57.786484	-59.497806
-10.00	-57.062981	-58.294356	-59.437516
-9.90	-56.960308	-58.793358	-59.364294
-9.80	-57.274306	-59.135422	-59.330333
-9.70	-57.114227	-59.292386	-59.257890
-9.60	-57.017461	-59.357897	-59.201910
-9.50	-57.043255	-59.341113	-59.155643
-9.40	-57.514042	-59.294844	-59.138378
-9.30	-58.083563	-59.277883	-59.116597
-9.20	-58.481022	-59.189243	-59.112832
-9.10	-58.666495	-59.099803	-59.082070
-9.00	-58.713966	-59.031190	-58.999971
-8.90	-58.680315	-59.000175	-58.913559
-8.80	-58.520946	-59.017982	-58.813226
-8.70	-58.108539	-59.000835	-58.688122
-8.60	-57.651181	-59.006567	-58.490461
-8.50	-57.671734	-59.005928	-58.155262
-8.40	-57.946821	-59.023983	-57.323512
-8.30	-58.483744	-59.057808	-57.183783
-8.20	-58.902046	-59.125311	-56.976419
-8.10	-58.954497	-59.194119	-57.311139
-8.00	-58.434203	-59.265259	-57.356362
-7.90	-58.367656	-59.336425	-57.335038
-7.80	-58.324418	-59.385800	-57.468676
-7.70	-58.864054	-59.441813	-57.956673
-7.60	-59.315946	-59.479095	-58.549349
-7.50	-59.636232	-59.453580	-58.941943
-7.40	-59.757326	-59.473322	-59.115257
-7.30	-59.750498	-59.432130	-59.117010
-7.20	-59.740180	-59.414989	-59.093459
-7.10	-59.760845	-59.388398	-59.039658
-7.00	-59.785450	-59.332085	-58.969133
-6.90	-59.791978	-59.256110	-58.909724
-6.80	-59.695967	-59.187963	-58.879092
-6.70	-59.641894	-59.125939	-58.818842
-6.60	-59.590909	-59.085244	-58.703136
-6.50	-59.566207	-59.033749	-58.545346
-6.40	-59.582908	-59.012871	-58.247825
-6.30	-59.582351	-58.930784	-57.599483
-6.20	-59.504043	-58.805570	-57.383112
-6.10	-59.419177	-58.581235	-57.343352
-6.00	-59.321630	-57.927384	-57.830972
-5.90	-59.229696	-57.655585	-58.362546
-5.80	-59.100122	-57.586214	-58.636414
-5.70	-58.948993	-57.994361	-58.714709
-5.60	-58.618834	-58.487846	-58.653938
-5.50	-57.984613	-58.812655	-58.552378
-5.40	-57.729118	-58.967644	-58.430922
-5.30	-57.711720	-59.049619	-58.298453
-5.20	-58.216192	-59.130120	-58.139116
-5.10	-58.686538	-59.175327	-58.031085
-5.00	-59.011832	-59.155140	-57.914709
-4.90	-59.142771	-59.091171	-57.835897
-4.80	-59.230869	-59.086426	-57.742514
-4.70	-59.231562	-58.981776	-57.630369
-4.60	-59.243646	-58.921794	-57.566464
-4.50	-59.246756	-58.843623	-57.470108
-4.40	-59.242572	-58.818741	-57.350087
-4.30	-59.181208	-58.761944	-57.077399
-4.20	-59.121448	-58.725960	-56.840904
-4.10	-59.017623	-58.636540	-56.956208
-4.00	-58.907472	-58.266741	-57.386742
-3.90	-58.765090	-57.761978	-57.982062
-3.80	-58.671948	-57.749024	-58.388118
-3.70	-58.590190	-57.886485	-58.661380
-3.60	-58.478394	-58.492028	-58.836388
-3.50	-58.375634	-58.983755	-58.953172
-3.40	-58.299016	-59.248086	-59.057826
-3.30	-58.212572	-59.311730	-59.156465
-3.20	-58.088932	-59.303638	-59.207658
-3.10	-57.930002	-59.251540	-59.290900
-3.00	-57.729110	-59.129119	-59.374338
-2.90	-57.311709	-58.874923	-59.456099
-2.80	-56.925430	-58.315650	-59.515741
-2.70	-56.878237	-57.912121	-59.580709
-2.60	-57.196325	-57.904853	-59.603368
-2.50	-57.746698	-58.203868	-59.591633
-2.40	-58.057047	-58.688354	-59.551259
-2.30	-58.130093	-59.165802	-59.514424
-2.20	-57.965911	-59.367378	-59.406733
-2.10	-57.440167	-59.411491	-59.298527
-2.00	-57.462613	-59.338858	-59.255859
-1.90	-57.482232	-59.269129	-59.166239
-1.80	-58.072178	-59.225924	-59.116083
-1.70	-58.491907	-59.204395	-59.094125
-1.60	-58.773414	-59.175933	-59.049027
-1.50	-58.872196	-59.165809	-59.008290
-1.40	-58.958387	-59.147174	-58.973390
-1.30	-58.984838	-59.144010	-58.942605
-1.20	-58.996787	-59.153973	-58.872502
-1.10	-59.046544	-59.052561	-58.772602
-1.00	-59.055391	-58.917013	-58.700069
-0.90	-59.061843	-58.801469	-58.644698
-0.80	-59.044464	-58.697496	-58.598299
-0.70	-59.008540	-58.592198	-58.509871
-0.60	-58.914927	-58.491401	-58.328318
-0.50	-58.863139	-58.263387	-58.216548
-0.40	-58.838811	-57.870377	-58.085990
-0.30	-58.785023	-57.308445	-57.944842
-0.20	-58.753378	-57.170546	-57.842574
-0.10	-58.685246	-57.194818	-57.726616
0.00	-58.611332	-57.764528	-57.668117
0.10	-58.555939	-58.158872	-57.607827
0.20	-58.351138	-58.408605	-57.570244
0.30	-57.851496	-58.519547	-57.551722
0.40	-57.299108	-58.598098	-57.565054
0.50	-57.142052	-58.639509	-57.601224
0.60	-57.198279	-58.679035	-57.586265
0.70	-57.701645	-58.686607	-57.514768
0.80	-58.150612	-58.633092	-57.438097
0.90	-58.454026	-58.486223	-57.387014
1.00	-58.559488	-57.992990	-57.347119
1.10	-58.585245	-57.470603	-57.311307
1.20	-58.522688	-57.161625	-57.249146
1.30	-58.452423	-56.856266	-57.048865
1.40	-58.320612	-57.390535	-56.635840
1.50	-58.096027	-57.752172	-55.662367
1.60	-57.736099	-58.565212	-55.168439
1.70	-57.130975	-59.094995	-55.193281
1.80	-57.051282	-59.339142	-55.979610
1.90	-56.999490	-59.480170	-57.098351
2.00	-57.607501	-59.468543	-57.851610
2.10	-57.972313	-59.440602	-58.266610
2.20	-58.188849	-59.385453	-58.347043
2.30	-58.223573	-59.381109	-58.343007
2.40	-58.117273	-59.389921	-58.244927
2.50	-57.896430	-59.365567	-58.097985
2.60	-57.380054	-59.315943	-57.962314
2.70	-56.883352	-59.315435	-57.849395
2.80	-56.395107	-59.282138	-57.738156
2.90	-56.098025	-59.153722	-57.572793
3.00	-56.407160	-59.022430	-57.212939
3.10	-56.762372	-58.865521	-56.557321
3.20	-57.393219	-58.755205	-56.515190
3.30	-57.738393	-58.648976	-56.446486
3.40	-57.733958	-58.586531	-56.966334
3.50	-57.130700	-58.428555	-57.308869
3.60	-57.193313	-58.224005	-57.399364
3.70	-57.236541	-57.917449	-57.087774
3.80	-57.885702	-57.160207	-56.041751
3.90	-58.495343	-56.889149	-54.170744
4.00	-58.857843	-56.420184	-50.981280
4.10	-59.033374	-56.083369	-45.913812
4.20	-59.088272	-54.734968	-40.780735
4.30	-59.011634	-52.960487	-32.670435
4.40	-58.739297	-50.336656	-25.097416
4.50	-58.231031	-46.593003	-24.891951
4.60	-57.298891	-41.973902	-28.523113
4.70	-56.010739	-34.155755	-36.726036
4.80	-54.122735	-27.023504	-45.070116
4.90	-51.184254	-25.053120	-51.825576
5.00	-47.842851	-29.247480	-55.592173
5.10	-42.680981	-36.565218	-58.156966
5.20	-36.075708	-45.889245	-59.578858
5.30	-29.457775	-52.722184	-60.511092
5.40	-24.219638	-56.878192	-61.108506
5.50	-27.014511	-58.532901	-61.489418
5.60	-32.457692	-59.004114	-61.849472
5.70	-41.562730	-58.982034	-61.903707
5.80	-49.260147	-58.677654	-61.768143
5.90	-54.671013	-57.953946	-61.676443
6.00	-57.237159	-57.335376	-61.489926
6.10	-58.163087	-57.022155	-61.056523
6.20	-58.256484	-56.946039	-60.398225
6.30	-57.823026	-56.882781	-59.884301
6.40	-57.304278	-56.214715	-59.178583
6.50	-56.765911	-55.671380	-58.492056
6.60	-56.371728	-55.107938	-57.956356
6.70	-55.893841	-54.963201	-57.546479
6.80	-55.217458	-54.677227	-57.135007
6.90	-54.506895	-54.124328	-56.631263
7.00	-53.701053	-53.122557	-56.012203
7.10	-52.661102	-51.387047	-55.295327
7.20	-52.011118	-50.427452	-54.367951
7.30	-51.293753	-49.401980	-53.647476
7.40	-50.482623	-48.939889	-52.688030
7.50	-49.587075	-47.414584	-50.959201
7.60	-48.779117	-45.471856	-49.547096
7.70	-48.103974	-43.290843	-47.374675
7.80	-46.918502	-42.338639	-45.173684
7.90	-46.307926	-41.862602	-43.455443
8.00	-45.977846	-42.303698	-42.070594
8.10	-46.582072	-42.629725	-40.378765
8.20	-46.133314	-44.319339	-40.991319
8.30	-44.870219	-45.425909	-41.761903
8.40	-43.743201	-46.081733	-44.852858
8.50	-43.232263	-47.385973	-48.033813
8.60	-44.689553	-48.103510	-51.117635
8.70	-46.447947	-50.619601	-53.046894
8.80	-48.995369	-52.996858	-54.549654
8.90	-50.791520	-55.238144	-54.779356
9.00	-52.498330	-56.392727	-54.870820
9.10	-52.729745	-56.478958	-55.063270
9.20	-52.618225	-55.890401	-55.245093
9.30	-52.324735	-55.209245	-56.039073
9.40	-51.902234	-55.162459	-56.496896
9.50	-52.344499	-54.755548	-56.948246
9.60	-53.324904	-54.272439	-57.191909
9.70	-54.065365	-53.778618	-56.933784
9.80	-54.842518	-52.999159	-56.129026
9.90	-55.108738	-52.089355	-54.769114
10.00	-55.434951	-51.222717	-53.530891
10.10	-55.415391	-49.329310	-52.602187
10.20	-54.540734	-48.454332	-51.896965
10.30	-53.357810	-47.882057	-50.692507
10.40	-52.166814	-48.649633	-49.753742
10.50	-51.748865	-49.647710	-48.823013
10.60	-51.797744	-50.301613	-47.597702
10.70	-51.701143	-49.847634	-46.315943
10.80	-50.533999	-48.473745	-44.757801
10.90	-48.227035	-47.322449	-44.254443
11.00	-46.008290	-46.273372	-44.747398
11.10	-45.603999	-45.334977	-46.361912
11.20	-46.362656	-45.646187	-48.279375
11.30	-48.092668	-45.193909	-49.822994
11.40	-49.034795	-45.975165	-50.342364
11.50	-48.918882	-46.330160	-50.469566
11.60	-47.632263	-46.983136	-50.739938
11.70	-47.159063	-47.681801	-51.017948
11.80	-45.765208	-48.841703	-50.623635
11.90	-47.211506	-50.131872	-50.044450
12.00	-48.266141	-51.251153	-50.299831
12.10	-51.166449	-52.354518	-51.000272
12.20	-53.108212	-52.624969	-51.918673
12.30	-54.439857	-52.540012	-52.358833
12.40	-54.532104	-52.745253	-52.292416
12.50	-53.845124	-52.840923	-52.136689
12.60	-52.525673	-52.706732	-52.262671
12.70	-50.941800	-51.979466	-51.698326
12.80	-50.231791	-51.287340	-52.212204
12.90	-50.280394	-51.415726	-52.305364
13.00	-51.534829	-51.584313	-52.227343
13.10	-53.146029	-51.177244	-51.305596
13.20	-53.674165	-50.880950	-50.571198
13.30	-53.849248	-50.279324	-50.691619
13.40	-53.822482	-49.962736	-51.644194
13.50	-53.844719	-49.683616	-52.827749
13.60	-53.732903	-49.059519	-52.965085
13.70	-53.172747	-47.729353	-51.463163
13.80	-52.171857	-46.601611	-49.614673
13.90	-51.445004	-46.019125	-48.283349
14.00	-50.511686	-46.393720	-47.928765
14.10	-49.677896	-47.502947	-47.679748
14.20	-47.828678	-48.030726	-47.875379
14.30	-45.537218	-48.385590	-47.128671
14.40	-43.828317	-47.925927	-46.910184
14.50	-43.665681	-48.676288	-47.284149
14.60	-44.202459	-49.656592	-48.350220
14.70	-44.739787	-51.358520	-49.740020
14.80	-45.559415	-51.743790	-50.806956
14.90	-46.293659	-52.037454	-51.877512
15.00	-48.386710	-52.372957	-52.856838
15.10	-50.285555	-52.578796	-53.701072
15.20	-51.802884	-53.766505	-54.198959
15.30	-52.411747	-54.209745	-54.237522
15.40	-53.079609	-54.491233	-54.191868
15.50	-53.388423	-55.154825	-53.955686
15.60	-54.366544	-55.400517	-54.453606
15.70	-55.052118	-55.932449	-54.636766
15.80	-55.778813	-55.912298	-54.886978
15.90	-55.926762	-55.220675	-54.613187
16.00	-55.379778	-54.294412	-54.253438
16.10	-54.960101	-53.217414	-53.667246
16.20	-54.183020	-51.639553	-53.058970
16.30	-53.400828	-50.854650	-52.743684
16.40	-53.180581	-49.412526	-51.720429
16.50	-52.789681	-48.858293	-50.600587
16.60	-52.161301	-48.132467	-50.081971
16.70	-51.933821	-48.560697	-49.360543
16.80	-51.314610	-48.966177	-49.276126
16.90	-50.515682	-50.277533	-48.671769
17.00	-49.851729	-50.970720	-49.307878
17.10	-48.372462	-51.888975	-49.704203
17.20	-47.060174	-51.491259	-50.933130
17.30	-43.853217	-51.418957	-51.371964
17.40	-42.867305	-50.903851	-50.038846
17.50	-42.045680	-50.126829	-48.054212
17.60	-44.554510	-50.128022	-46.054522
17.70	-46.746995	-49.258841	-45.843634
17.80	-48.232280	-49.739902	-47.663049
17.90	-49.712495	-50.165847	-50.407116
18.00	-50.003064	-51.477774	-53.252507
18.10	-50.498574	-52.283579	-55.323152
18.20	-49.159098	-52.176142	-56.092915
18.30	-49.789676	-52.214964	-56.021472
18.40	-50.669307	-52.639353	-55.699546
18.50	-53.048682	-53.657289	-55.288478
18.60	-55.054520	-54.874261	-54.858129
18.70	-55.907199	-55.389572	-53.630042
18.80	-55.405629	-55.257704	-52.629313
18.90	-54.150937	-54.389899	-51.052609
19.00	-52.011337	-53.314573	-49.721017
19.10	-51.248386	-51.777267	-48.377741
19.20	-50.968990	-50.991705	-47.036951
19.30	-51.700995	-50.212238	-47.107025
19.40	-51.812848	-50.335915	-47.905835
19.50	-52.636401	-50.666448	-49.525288
19.60	-52.663898	-50.430778	-50.323593
19.70	-53.405738	-49.528885	-50.466270
19.80	-53.605135	-47.866661	-50.477681
19.90	-52.977034	-44.813969	-51.057171
20.00	-51.910134	-42.548247	-51.981198
20.10	-51.295599	-40.667624	-53.469628
20.20	-51.433216	-40.750820	-53.910921
20.30	-51.888279	-43.781073	-54.860042
20.40	-51.987282	-47.178005	-55.024677
20.50	-52.085228	-51.170283	-55.025225
20.60	-51.454607	-53.795941	-54.473503
20.70	-50.578772	-55.328108	-54.063576
20.80	-49.498271	-55.696346	-53.240984
20.90	-47.951015	-55.381871	-52.241019
21.00	-47.856731	-55.112856	-51.389069
21.10	-47.447770	-54.895543	-49.836171
21.20	-48.229414	-55.206180	-50.019872
21.30	-49.235367	-55.541645	-50.144339
21.40	-50.183076	-54.997666	-50.852292
21.50	-50.803660	-54.000884	-51.282221
21.60	-50.985667	-52.854166	-50.217810
21.70	-51.226752	-52.391630	-50.403702
21.80	-51.261831	-51.888545	-50.793616
21.90	-51.730210	-50.850379	-51.547453
22.00	-52.165173	-50.612802	-52.728746
22.10	-51.994966	-50.171083	-53.074983
22.20	-51.290669	-50.012059	-53.783934
22.30	-50.974293	-49.351356	-53.815517
22.40	-50.961461	-48.943028	-53.496341
22.50	-52.223652	-48.624968	-53.527654
22.60	-53.512798	-48.217830	-53.137470
22.70	-54.075610	-48.565087	-52.512843
22.80	-53.590768	-48.203637	-51.577974
22.90	-52.679888	-48.414940	-49.808640
23.00	-51.113536	-48.597888	-48.374355
23.10	-50.477019	-47.741672	-47.819094
23.20	-49.839482	-47.464843	-48.556529
23.30	-50.029791	-46.627467	-49.843167
23.40	-50.363873	-47.375014	-51.345831
23.50	-50.016997	-48.108393	-52.310701
23.60	-49.577814	-49.780997	-52.316855
23.70	-49.311243	-51.431349	-51.800107
23.80	-48.699615	-52.765588	-50.769588
23.90	-48.596973	-53.496155	-50.589617
24.00	-48.487233	-54.065662	-50.575059
24.10	-48.960660	-54.069115	-50.281442
24.20	-50.623960	-54.150343	-48.328353
24.30	-52.319574	-54.518011	-47.617834
24.40	-54.146342	-54.499273	-46.779198
24.50	-54.509058	-54.527851	-48.233390
24.60	-54.050230	-54.024460	-49.967837
24.70	-52.422267	-53.971868	-51.654360
24.80	-52.121123	-53.641813	-52.528190
24.90	-52.285590	-53.678096	-52.573821
25.00	-53.378258	-52.908412	-52.640409
25.10	-54.407097	-52.120405	-52.055332
25.20	-54.722825	-51.354772	-51.933811
25.30	-54.092906	-50.994149	-52.265710
25.40	-52.406218	-50.328545	-52.283945
25.50	-51.015374	-50.285694	-52.892841
25.60	-48.796217	-49.916428	-53.456258
25.70	-47.440389	-49.485532	-54.101503
25.80	-47.968835	-49.051758	-54.207375
25.90	-49.114657	-47.867779	-54.568353
26.00	-51.189365	-47.550741	-54.286682
26.10	-52.460397	-47.516385	-54.490686
26.20	-52.827885	-46.996435	-54.336405
26.30	-52.350532	-47.630744	-53.912217
26.40	-51.684746	-47.453321	-53.833881
26.50	-51.023556	-48.853981	-53.090599
26.60	-50.455637	-49.623717	-52.512106
26.70	-49.907802	-49.717732	-51.177449
26.80	-49.774591	-50.040725	-50.995637
26.90	-49.938667	-49.295514	-50.714132
27.00	-50.020206	-49.863142	-51.262975
27.10	-50.577639	-50.505655	-51.267582
27.20	-50.323855	-51.688145	-51.221488
27.30	-50.442663	-52.926914	-50.517713
27.40	-50.505663	-54.677154	-50.466121
27.50	-51.436647	-55.277613	-50.425597
27.60	-52.567538	-55.821689	-50.467239
27.70	-53.655232	-55.985408	-48.687783
27.80	-53.516478	-56.050647	-46.073766
27.90	-52.505611	-56.115396	-45.183955
28.00	-51.614292	-56.026284	-44.975770
28.10	-51.507670	-55.477090	-47.037104
28.20	-51.597903	-54.510920	-49.154656
28.30	-51.226929	-53.628761	-50.528396
28.40	-51.488673	-52.985141	-51.736770
28.50	-51.514248	-52.382486	-53.000221
28.60	-52.320045	-51.799527	-54.213279
28.70	-53.631879	-50.346281	-55.026453
28.80	-54.109573	-48.765988	-55.456517
28.90	-54.111310	-47.727148	-55.331437
29.00	-53.523841	-46.733966	-54.990639
29.10	-53.318979	-46.840228	-55.146725
29.20	-52.717962	-46.097995	-55.206960
29.30	-53.315427	-46.263662	-55.468164
29.40	-53.013904	-47.283192	-55.463514
29.50	-52.456745	-48.196272	-55.023317
29.60	-52.490848	-48.896288	-54.218031
29.70	-52.724655	-49.119013	-52.690119
29.80	-53.577261	-49.652247	-51.165679
29.90	-54.139000	-50.778228	-48.756019
30.00	-54.407065	-52.625932	-47.905812
30.10	-54.464047	-53.692977	-46.580410
30.20	-54.568005	-54.983957	-47.132783
30.30	-54.314988	-55.701445	-48.030844
30.40	-53.439965	-56.391719	-50.197807
30.50	-51.331427	-56.690195	-52.079428
30.60	-50.167354	-56.537307	-53.666862
30.70	-48.636106	-56.059530	-54.810471
30.80	-48.408544	-55.106466	-55.182969
30.90	-48.883066	-54.198046	-55.561355
31.00	-49.821583	-53.151222	-55.328512
31.10	-50.482550	-51.597405	-55.237446
31.20	-51.406855	-50.477880	-55.035654
31.30	-51.513422	-49.545134	-55.075507
31.40	-51.725005	-48.556394	-54.585529
31.50	-50.774013	-48.669127	-53.197781
31.60	-51.136276	-48.630278	-51.820680
31.70	-50.552592	-49.897174	-50.719473
31.80	-51.039591	-51.208659	-50.345198
31.90	-51.050370	-52.788269	-50.089435
32.00	-51.818875	-53.476809	-50.744734
32.10	-52.314532	-52.646681	-50.754702
32.20	-52.804356	-51.117310	-51.425446
32.30	-52.383728	-50.510596	-52.082407
32.40	-51.192876	-49.949452	-52.181425
32.50	-50.334708	-49.995397	-51.865627
32.60	-49.954301	-50.527679	-51.482699
32.70	-50.247566	-50.789551	-50.768543
32.80	-50.795189	-51.851413	-50.276334
32.90	-51.534752	-52.656030	-49.300421
33.00	-52.455292	-53.093031	-48.675063
33.10	-53.508831	-53.079949	-48.956086
33.20	-54.361202	-52.859679	-49.680323
33.30	-54.093973	-53.082518	-50.276195
33.40	-53.869344	-53.163949	-50.259774
33.50	-53.431196	-52.645153	-50.328452
33.60	-53.293629	-51.006735	-50.241248
33.70	-53.132034	-50.264779	-51.351657
33.80	-52.474187	-49.348073	-51.766485
33.90	-50.549670	-50.024858	-53.342382
34.00	-48.924052	-50.318304	-54.077108
34.10	-46.581964	-51.176050	-53.945938
34.20	-45.487172	-50.756770	-53.899433
34.30	-44.426344	-49.928054	-53.986211
34.40	-43.915710	-49.634245	-54.224192
34.50	-44.767092	-49.544028	-54.700035
34.60	-46.421379	-49.679510	-54.471586
34.70	-49.600311	-49.058061	-53.612050
34.80	-52.287724	-49.132479	-53.232279
34.90	-53.984091	-48.563878	-53.027121
35.00	-54.841302	-48.639836	-53.192629
35.10	-55.196479	-47.969704	-53.548319
35.20	-55.382277	-48.195475	-53.379181
35.30	-54.993851	-48.694486	-52.672725
35.40	-53.512418	-50.215562	-51.809935
35.50	-52.666281	-51.818138	-51.629418
35.60	-50.552143	-53.444371	-51.991675
35.70	-51.174565	-54.492759	-52.419380
35.80	-51.613708	-55.050086	-52.474694
35.90	-53.087630	-54.463039	-52.502930
36.00	-53.813155	-53.593539	-52.339572
36.10	-53.995815	-52.534970	-52.059064
36.20	-54.276289	-52.532460	-51.796692
36.30	-54.099234	-52.921393	-51.467078
36.40	-54.585305	-53.332567	-50.811308
36.50	-54.764298	-53.168874	-50.917028
36.60	-54.512616	-52.045644	-51.148170
36.70	-54.561421	-50.987419	-51.572221
36.80	-54.387669	-51.174667	-52.148892
36.90	-54.222449	-51.833083	-51.548136
37.00	-53.217710	-53.306101	-49.967668
37.10	-52.452086	-54.219102	-48.241108
37.20	-52.066864	-54.599557	-46.272091
37.30	-52.563221	-54.287839	-46.088545
37.40	-53.767381	-53.210007	-46.557467
37.50	-54.515332	-52.514475	-47.513148
37.60	-55.225016	-51.403928	-49.249304
37.70	-55.310510	-50.598778	-49.938793
37.80	-54.893548	-49.528223	-49.849786
37.90	-54.017990	-48.235147	-50.197021
38.00	-52.678371	-47.008285	-50.035199
38.10	-50.740704	-46.379329	-50.947765
38.20	-48.647267	-46.349484	-51.058909
38.30	-47.965244	-47.340304	-51.094906
38.40	-47.385576	-48.421637	-50.889519
38.50	-48.405996	-50.370114	-51.480778
38.60	-49.052084	-51.659490	-52.800026
38.70	-49.152006	-53.195123	-54.008440
38.80	-48.527866	-53.247010	-54.703287
38.90	-49.000343	-52.952096	-54.910977
39.00	-49.409608	-52.570139	-54.867577
39.10	-51.032120	-52.222708	-54.616946
39.20	-52.261665	-52.512373	-53.975779
39.30	-52.491018	-52.661523	-53.319696
39.40	-51.618387	-52.749136	-52.973346
39.50	-50.975821	-53.520668	-52.700834
39.60	-50.022480	-53.985512	-53.199672
39.70	-50.514870	-54.515770	-53.239881
39.80	-50.828368	-54.477630	-53.373450
39.90	-51.484477	-53.671454	-53.446776
40.00	-51.128469	-52.565637	-53.485895
40.10	-51.308949	-51.441163	-53.557683
40.20	-50.791111	-50.878218	-53.596314
40.30	-50.565297	-50.999216	-53.121927
40.40	-51.203126	-51.438783	-51.981309
40.50	-51.737656	-52.291402	-50.584032
40.60	-52.551205	-53.285828	-49.107155
40.70	-53.531342	-54.255215	-48.314649
40.80	-53.780531	-54.737868	-47.319647
40.90	-53.329314	-54.715579	-46.433803
41.00	-53.117850	-53.826782	-45.346691
41.10	-52.656923	-52.978913	-45.055499
41.20	-52.098120	-52.014503	-45.983417
41.30	-52.209694	-51.397593	-47.666311
41.40	-51.946158	-51.449339	-49.308701
41.50	-52.533719	-51.472670	-50.040158
41.60	-53.050903	-51.477711	-50.668721
41.70	-54.127368	-50.304363	-51.002412
41.80	-54.763498	-48.271085	-52.535834
41.90	-55.113748	-47.087136	-53.533624
42.00	-54.669807	-45.545358	-54.197076
42.10	-53.963445	-46.478191	-54.555140
42.20	-53.217034	-47.059119	-55.011031
42.30	-52.387722	-47.410036	-55.274861
42.40	-51.675983	-47.226172	-55.768966
42.50	-50.344985	-47.097887	-56.053023
42.60	-48.714924	-48.935395	-56.288304
42.70	-47.655351	-51.205956	-56.459618
42.80	-47.074563	-54.153629	-56.098323
42.90	-47.218658	-55.773848	-56.012883
43.00	-47.830053	-55.935737	-55.840925
43.10	-47.626840	-55.774861	-56.214029
43.20	-47.595686	-54.993920	-56.296755
43.30	-48.594766	-54.766466	-56.154921
43.40	-49.983514	-54.491051	-55.661698
43.50	-51.908461	-54.821024	-54.712677
43.60	-53.320043	-54.836802	-54.282917
43.70	-53.561054	-55.250260	-53.758719
43.80	-53.812056	-55.186574	-53.586593
43.90	-53.558332	-55.590449	-53.068173
44.00	-53.119033	-55.617355	-51.562968
44.10	-53.197760	-54.855948	-49.695594
44.20	-53.133985	-54.432658	-48.804120
44.30	-52.983282	-53.814506	-47.863004
44.40	-53.346517	-53.359910	-47.573687
44.50	-53.472257	-52.315417	-47.334815
44.60	-53.870224	-51.633821	-47.389350
44.70	-54.145500	-50.751487	-47.620584
44.80	-54.313409	-50.876222	-47.976724
44.90	-54.364937	-50.153533	-48.018915
45.00	-54.196917	-50.283059	-48.065209
45.10	-53.223623	-50.077967	-48.058989
45.20	-51.647615	-48.779634	-47.883672
45.30	-50.589913	-49.452859	-47.608393
45.40	-49.460899	-49.601041	-48.252925
45.50	-48.916546	-51.026333	-49.486236
45.60	-48.200715	-51.920952	-51.850085
45.70	-47.982856	-51.835167	-53.675889
45.80	-47.459358	-51.639390	-53.960252
45.90	-47.889774	-51.094862	-54.368588
46.00	-47.546929	-50.257780	-54.217027
46.10	-47.550555	-50.291940	-54.339335
46.20	-48.494613	-48.749832	-54.036601
46.30	-49.675069	-48.818923	-54.383536
46.40	-50.942061	-48.270688	-54.569028
46.50	-52.484678	-49.545600	-55.301916
46.60	-53.008730	-50.505182	-55.654655
46.70	-53.698483	-52.095506	-55.314181
46.80	-53.568468	-52.638487	-54.688441
46.90	-52.941747	-52.347741	-54.085108
47.00	-52.183996	-52.029114	-53.511556
47.10	-50.966944	-52.404940	-53.617486
47.20	-50.978668	-53.304788	-53.278736
47.30	-51.553097	-55.075291	-53.105261
47.40	-53.318381	-56.252470	-53.034127
47.50	-54.334024	-56.749149	-52.687425
47.60	-55.719884	-56.491609	-52.650770
47.70	-56.494765	-55.528683	-51.850339
47.80	-57.335042	-54.621889	-51.791877
47.90	-57.723416	-54.095239	-51.682288
48.00	-57.615834	-54.202532	-51.625343
48.10	-57.102607	-54.584018	-51.762855
48.20	-56.516342	-54.443862	-51.128874
48.30	-55.881520	-54.602492	-49.223629
48.40	-54.872856	-54.448368	-49.346334
48.50	-53.632229	-54.761921	-49.685191
48.60	-51.816037	-54.946381	-51.472629
48.70	-50.495102	-54.777569	-52.985669
48.80	-50.553671	-54.460516	-54.007246
48.90	-51.213390	-53.894859	-54.324268
49.00	-52.749239	-52.705785	-54.816468
49.10	-53.506830	-51.758421	-55.004767
49.20	-53.067216	-49.542068	-54.686496
49.30	-52.438035	-48.297167	-53.655475
49.40	-51.411965	-47.876452	-52.686026
49.50	-51.495573	-47.833587	-51.280068
49.60	-51.711053	-47.927615	-50.467760
49.70	-52.589348	-46.280980	-48.949930
49.80	-52.414151	-45.286914	-48.074165
49.90	-51.971480	-44.178986	-47.942217
50.00	-51.665732	-45.175677	-48.232478
50.10	-51.321361	-46.649990	-49.850698
50.20	-51.770081	-48.598520	-51.396022
50.30	-51.894971	-49.843608	-52.688021
50.40	-51.851525	-50.993406	-53.529778
50.50	-51.686790	-52.106919	-53.465811
50.60	-50.770147	-53.085168	-52.601246
50.70	-49.482867	-53.263169	-51.076318
50.80	-48.346245	-52.427614	-49.493095
50.90	-46.291328	-51.910293	-49.880512
51.00	-46.954735	-52.405986	-50.350330
51.10	-48.092863	-53.655457	-52.280564
51.20	-50.282437	-55.184239	-53.633053
51.30	-52.220842	-55.561394	-54.240704
51.40	-53.052791	-55.874625	-54.255926
51.50	-53.601214	-55.889065	-54.023156
51.60	-53.467810	-56.059867	-52.898065
51.70	-53.784732	-56.116552	-52.338253
51.80	-53.310319	-55.876214	-51.363105
51.90	-52.235419	-55.349553	-51.256934
52.00	-51.984619	-54.395074	-50.915419
52.10	-52.048604	-52.854385	-51.421665
52.20	-52.402084	-51.590397	-51.678911
52.30	-53.282894	-50.012597	-52.409234
52.40	-53.664015	-49.847952	-52.172046
52.50	-53.573908	-50.086894	-51.552424
52.60	-53.748800	-50.426925	-50.158169
52.70	-52.966663	-50.831522	-49.722654
52.80	-52.521205	-50.376019	-49.394722
52.90	-52.060485	-50.267921	-50.736227
53.00	-51.616705	-49.959677	-51.638650
53.10	-51.611318	-48.614701	-52.870237
53.20	-51.806136	-48.691399	-53.951024
53.30	-52.013034	-48.843439	-54.880023
53.40	-52.206284	-49.400228	-55.496393
53.50	-50.592966	-50.503122	-55.427165
53.60	-49.908281	-51.132800	-54.787943
53.70	-49.549384	-52.014725	-54.263917
53.80	-50.416307	-52.732887	-53.540502
53.90	-50.789161	-53.397162	-53.714532
54.00	-51.086887	-53.706073	-53.775493
54.10	-50.797764	-53.557298	-54.087218
54.20	-51.136759	-53.708098	-53.823145
54.30	-51.795473	-53.424774	-52.840661
54.40	-53.113879	-52.594133	-52.122727
54.50	-53.996574	-51.625093	-50.607274
54.60	-54.781614	-51.345545	-50.567059
54.70	-55.603842	-51.221468	-50.204706
54.80	-55.998609	-52.177516	-50.064895
54.90	-56.884656	-52.970724	-49.965789
55.00	-57.436354	-53.822217	-50.702330
55.10	-57.688208	-54.087757	-51.344101
55.20	-57.569511	-54.548377	-52.240980
55.30	-56.958974	-54.328622	-52.241806
55.40	-56.722674	-54.402326	-52.099772
55.50	-56.120435	-54.702514	-51.416260
55.60	-56.717026	-54.825117	-51.381793
55.70	-57.294901	-54.978530	-51.728547
55.80	-58.384668	-54.217552	-52.274534
55.90	-59.121344	-54.381122	-53.064521
56.00	-59.654561	-54.329140	-53.359600
56.10	-59.990825	-55.181771	-53.430765
56.20	-60.151975	-55.412877	-53.263431
56.30	-60.133493	-55.419329	-53.499804
56.40	-59.899363	-55.853345	-53.836832
56.50	-60.130273	-56.591352	-54.890919
56.60	-60.333160	-58.061726	-56.020559
56.70	-61.200577	-59.225757	-56.969811
56.80	-61.754522	-60.085676	-58.070470
56.90	-62.160772	-60.709193	-58.913339
57.00	-62.460825	-61.206369	-59.460249
57.10	-62.695977	-61.587793	-59.723903
57.20	-62.872252	-61.937895	-59.682687
57.30	-63.034459	-62.263535	-59.948574
57.40	-63.185566	-62.566599	-60.298000
57.50	-63.326398	-62.847609	-61.076672
57.60	-63.433940	-63.107169	-61.820621
57.70	-63.513571	-63.345731	-62.438842
57.80	-63.596621	-63.563864	-62.940753
57.90	-63.655275	-63.762276	-63.346028
58.00	-63.719492	-63.941912	-63.681961
58.10	-63.785613	-64.103809	-63.967850
58.20	-63.826493	-64.249258	-64.190855
58.30	-63.873270	-64.379391	-64.391395
58.40	-63.922548	-64.495333	-64.571834
58.50	-63.947837	-64.573781	-64.709170
58.60	-63.954280	-64.648723	-64.837711
58.70	-63.971345	-64.718888	-64.956469
58.80	-63.994812	-64.758684	-65.065020
58.90	-63.996777	-64.800595	-65.163318
59.00	-63.959589	-64.842295	-65.251579
59.10	-63.942531	-64.857891	-65.304989
59.20	-63.913714	-64.853990	-65.357834
59.30	-63.902332	-64.812615	-65.383096
59.40	-63.902738	-64.792584	-65.412942
59.50	-63.910861	-64.713013	-65.444427
59.60	-63.899745	-64.641374	-65.475559
59.70	-63.898524	-64.573871	-65.480450
59.80	-63.854741	-64.534934	-65.465594
59.90	-63.805205	-64.490547	-65.461824
60.00	-63.776667	-64.468189	-65.416262
60.10	-63.737714	-64.435801	-65.340047
60.20	-63.691651	-64.421817	-65.243585
60.30	-63.665918	-64.420407	-65.135340
60.40	-63.629390	-64.427303	-65.067593
60.50	-63.610843	-64.439409	-64.978711
60.60	-63.604792	-64.454469	-64.925307
60.70	-63.607243	-64.445683	-64.847670
60.80	-63.615282	-64.444994	-64.803484
60.90	-63.601963	-64.424791	-64.757247
61.00	-63.573195	-64.340907	-64.709732
61.10	-63.535283	-64.287442	-64.686932
61.20	-63.515488	-64.206327	-64.656533
61.30	-63.508388	-64.131131	-64.621409
61.40	-63.510067	-64.061663	-64.606894
61.50	-63.517728	-63.996863	-64.606431
61.60	-63.529273	-63.933518	-64.615309
61.70	-63.543166	-63.895394	-64.580072
61.80	-63.484127	-63.874998	-64.564506
61.90	-63.425058	-63.843206	-64.562349
62.00	-63.390978	-63.755179	-64.569171
62.10	-63.326151	-63.654508	-64.581710
62.20	-63.239758	-63.590996	-64.572534
62.30	-63.164551	-63.552465	-64.548441
62.40	-63.072213	-63.530749	-64.538975
62.50	-62.970168	-63.470505	-64.539378
62.60	-62.909238	-63.409079	-64.546136
62.70	-62.829613	-63.372325	-64.556764
62.80	-62.785345	-63.353220	-64.569499
62.90	-62.766587	-63.296692	-64.533081
63.00	-62.766200	-63.217442	-64.488123
63.10	-62.756279	-63.146328	-64.412831
63.20	-62.761545	-63.106140	-64.366471
63.30	-62.752385	-63.064285	-64.340508
63.40	-62.709751	-63.022486	-64.304194
63.50	-62.667947	-63.005315	-64.285166
63.60	-62.604306	-62.980916	-64.278187
63.70	-62.454210	-62.903348	-64.279483
63.80	-62.317470	-62.862256	-64.286431
63.90	-62.168657	-62.823379	-64.272061
64.00	-62.031182	-62.762550	-64.242584
64.10	-61.951506	-62.710444	-64.227437
64.20	-61.890263	-62.665309	-64.222174
64.30	-61.817954	-62.600827	-64.149729
64.40	-61.786754	-62.550353	-64.080580
64.50	-61.740332	-62.532967	-63.987814
64.60	-61.703901	-62.466210	-63.906255
64.70	-61.675622	-62.389573	-63.808692
64.80	-61.628338	-62.331699	-63.748205
64.90	-61.569027	-62.288149	-63.713922
65.00	-61.503924	-62.254016	-63.698667
65.10	-61.437285	-62.225469	-63.672035
65.20	-61.416106	-62.225254	-63.662544
65.30	-61.427145	-62.220257	-63.615689
65.40	-61.462417	-62.212801	-63.567769
65.50	-61.515139	-62.228756	-63.519697
65.60	-61.580264	-62.261275	-63.472453
65.70	-61.653887	-62.281326	-63.377833
65.80	-61.708326	-62.268721	-63.324074
65.90	-61.725535	-62.256095	-63.250403
66.00	-61.740058	-62.220688	-63.212141
66.10	-61.750975	-62.166698	-63.199013
66.20	-61.783289	-62.123656	-63.203672
66.30	-61.782249	-62.089354	-63.220921
66.40	-61.732499	-62.086147	-63.223539
66.50	-61.647392	-62.032650	-63.214021
66.60	-61.516497	-62.016795	-63.147231
66.70	-61.426038	-62.027765	-63.113421
66.80	-61.314148	-62.009687	-63.103092
66.90	-61.165645	-62.019036	-63.036084
67.00	-61.018031	-62.047615	-63.003223
67.10	-60.915686	-61.968840	-62.971561
67.20	-60.821440	-61.887561	-62.938931
67.30	-60.755059	-61.829676	-62.908234
67.40	-60.731131	-61.788965	-62.831073
67.50	-60.690155	-61.735510	-62.743972
67.60	-60.682585	-61.720313	-62.697988
67.70	-60.629328	-61.685390	-62.659620
67.80	-60.585107	-61.683825	-62.602083
67.90	-60.542333	-61.659280	-62.527621
68.00	-60.473389	-61.616200	-62.439713
68.10	-60.395390	-61.560935	-62.369774
68.20	-60.303836	-61.545942	-62.335683
68.30	-60.061458	-61.511875	-62.327579
68.40	-59.341255	-61.441732	-62.338630
68.50	-59.368504	-61.392778	-62.267213
68.60	-59.415082	-61.287999	-62.210676
68.70	-60.042594	-61.239669	-62.120732
68.80	-60.670297	-61.209004	-62.056087
68.90	-61.075716	-61.191344	-62.007206
69.00	-61.290020	-61.181204	-61.946707
69.10	-61.422695	-61.200374	-61.901973
69.20	-61.477517	-61.217331	-61.868191
69.30	-61.486567	-61.255938	-61.794184
69.40	-61.467119	-61.310173	-61.741927
69.50	-61.405263	-61.352379	-61.613968
69.60	-61.385256	-61.360396	-61.500813
69.70	-61.372387	-61.346461	-61.446344
69.80	-61.365107	-61.363897	-61.364070
69.90	-61.311945	-61.403074	-61.331610
70.00	-61.252551	-61.457201	-61.310724
70.10	-61.213381	-61.521426	-61.253389
70.20	-61.164438	-61.568420	-61.191367
70.30	-61.154894	-61.578326	-61.173799
70.40	-61.149636	-61.585817	-61.188076
70.50	-61.122039	-61.568154	-61.154643
70.60	-61.126649	-61.557162	-61.041690
70.70	-61.083485	-61.573307	-60.967090
70.80	-61.029812	-61.584120	-60.870947
70.90	-61.016193	-61.614928	-60.806409
71.00	-61.031593	-61.613578	-60.693939
71.10	-60.999002	-61.610902	-60.620916
71.20	-61.000752	-61.537242	-60.578268
71.30	-61.004174	-61.437807	-60.509021
71.40	-61.009338	-61.366182	-60.424056
71.50	-61.015046	-61.291430	-60.351597
71.60	-61.045115	-61.237566	-60.291098
71.70	-61.067425	-61.174814	-60.285019
71.80	-61.086695	-61.107602	-60.249168
71.90	-61.127872	-61.061278	-60.212402
72.00	-61.139487	-61.032061	-60.225501
72.10	-61.174788	-61.037926	-60.229437
72.20	-61.226437	-61.021262	-60.207447
72.30	-61.264892	-61.012635	-60.185858
72.40	-61.318647	-60.988954	-60.207269
72.50	-61.334553	-60.953212	-60.233944
72.60	-61.302230	-60.861238	-60.288049
72.70	-61.304980	-60.824162	-60.290667
72.80	-61.285449	-60.826586	-60.325553
72.90	-61.249967	-60.810387	-60.334215
73.00	-61.249262	-60.780846	-60.279666
73.10	-61.245835	-60.790621	-60.269216
73.20	-61.265996	-60.828572	-60.216908
73.30	-61.302489	-60.815199	-60.203943
73.40	-61.325898	-60.742191	-60.119852
73.50	-61.340135	-60.650641	-60.050250
73.60	-61.324749	-60.617721	-59.998025
73.70	-61.264988	-60.626752	-59.874284
73.80	-61.220472	-60.618558	-59.627272
73.90	-61.212057	-60.598394	-59.111755
74.00	-61.229821	-60.615510	-59.144061
74.10	-61.241631	-60.635761	-59.177846
74.20	-61.250011	-60.615127	-59.913573
74.30	-61.256622	-60.629012	-60.421804
74.40	-61.213260	-60.641335	-60.685287
74.50	-61.135859	-60.651699	-60.773805
74.60	-61.082634	-60.634369	-60.791563
74.70	-61.024284	-60.592741	-60.779260
74.80	-60.985598	-60.505797	-60.756665
74.90	-60.984707	-60.386104	-60.700983
75.00	-60.987842	-60.281317	-60.671911
75.10	-61.016695	-60.195640	-60.661412
75.20	-61.063427	-60.061399	-60.688849
75.30	-61.098485	-59.781381	-60.719049
75.40	-61.101508	-59.209781	-60.775893
75.50	-61.059224	-59.223435	-60.828820
75.60	-61.030047	-59.237918	-60.900878
75.70	-61.034723	-59.963737	-60.939328
75.80	-61.041143	-60.554220	-60.976215
75.90	-61.047285	-60.900117	-61.034529
76.00	-61.028510	-60.993072	-61.061616
76.10	-60.992532	-61.048357	-61.065087
76.20	-60.969612	-61.077647	-61.073599
76.30	-60.932355	-61.096022	-61.062035
76.40	-60.907728	-61.109067	-61.082665
76.50	-60.891315	-61.073779	-61.077883
76.60	-60.904887	-61.051660	-61.033400
76.70	-60.939810	-60.995229	-60.914333
76.80	-60.965385	-60.936564	-60.811115
76.90	-60.986250	-60.923044	-60.741961
77.00	-61.026502	-60.920458	-60.602276
77.10	-61.056613	-60.874225	-60.507128
77.20	-61.078941	-60.821441	-60.422950
77.30	-61.097797	-60.789471	-60.362315
77.40	-61.136777	-60.772193	-60.315829
77.50	-61.189746	-60.741639	-60.273952
77.60	-61.203751	-60.726068	-60.251357
77.70	-61.215731	-60.722125	-60.154936
77.80	-61.200447	-60.750428	-60.029227
77.90	-61.141238	-60.778324	-59.680818
78.00	-61.123401	-60.805746	-59.137407
78.10	-61.135332	-60.808935	-59.167792
78.20	-61.121188	-60.774091	-59.350280
78.30	-61.065449	-60.733811	-59.963838
78.40	-61.051024	-60.714967	-60.516687
78.50	-61.041423	-60.688274	-60.859330
78.60	-61.059701	-60.678945	-61.051378
78.70	-61.074335	-60.683352	-61.135314
78.80	-61.086241	-60.696780	-61.140436
78.90	-61.119373	-60.717495	-61.144089
79.00	-61.143829	-60.743244	-61.102126
79.10	-61.137594	-60.794114	-61.077868
79.20	-61.156895	-60.862191	-61.089982
79.30	-61.194192	-60.870472	-61.079153
79.40	-61.220982	-60.884198	-61.052738
79.50	-61.169315	-60.924982	-61.063317
79.60	-61.132183	-60.937794	-61.076207
79.70	-61.103515	-60.953827	-61.091871
79.80	-61.036282	-60.994991	-61.083854
79.90	-60.939926	-61.005870	-61.060930
80.00	-60.893823	-60.948842	-61.001221
80.10	-60.860101	-60.891289	-60.963258
80.20	-60.836362	-60.831459	-60.894842
80.30	-60.820878	-60.816506	-60.851918
80.40	-60.811588	-60.785730	-60.686908
80.50	-60.737027	-60.792676	-60.526292
80.60	-60.688684	-60.804263	-60.394537
80.70	-60.682037	-60.816856	-60.261437
80.80	-60.636531	-60.830812	-60.105753
80.90	-60.584667	-60.798224	-59.999020
81.00	-60.528150	-60.780842	-59.946683
81.10	-60.514461	-60.725874	-59.859385
81.20	-60.531483	-60.646784	-59.812190
81.30	-60.477986	-60.505387	-59.785401
81.40	-60.445746	-60.411734	-59.659214
81.50	-60.358051	-60.279461	-59.502966
81.60	-60.224665	-60.166638	-59.103064
81.70	-60.102815	-60.044798	-58.679949
81.80	-59.968954	-59.963068	-58.724660
81.90	-59.825933	-59.910560	-59.025911
82.00	-59.681451	-59.879960	-59.625418
82.10	-59.600275	-59.819579	-60.178863
82.20	-59.475198	-59.762560	-60.504906
82.30	-59.289244	-59.732047	-60.646953
82.40	-59.145291	-59.721871	-60.680688
82.50	-58.983028	-59.749954	-60.701725
82.60	-58.842625	-59.757991	-60.720090
82.70	-58.684545	-59.800350	-60.714031
82.80	-58.497722	-59.867752	-60.717926
82.90	-58.082958	-59.907896	-60.705429
83.00	-57.578852	-59.925836	-60.681988
83.10	-57.488172	-59.950679	-60.599878
83.20	-57.714979	-59.936135	-60.500177
83.30	-58.200539	-59.914051	-60.369550
83.40	-58.505251	-59.819097	-60.307172
83.50	-58.585431	-59.645067	-60.269906
83.60	-58.405836	-59.485247	-60.227321
83.70	-57.791052	-59.401153	-60.205603
83.80	-57.746705	-59.348341	-60.176436
83.90	-57.727558	-59.338953	-60.166126
84.00	-58.311476	-59.336208	-60.120191
84.10	-58.825144	-59.313658	-60.075934
84.20	-59.111786	-59.274359	-59.987030
84.30	-59.193495	-59.214963	-59.936359
84.40	-59.123495	-59.150528	-59.914366
84.50	-58.932472	-59.051417	-59.887930
84.60	-58.572762	-58.804423	-59.881387
84.70	-57.948144	-58.172619	-59.843693
84.80	-57.886465	-58.136970	-59.786974
84.90	-57.785555	-57.966692	-59.737226
85.00	-58.359246	-58.481772	-59.715433
85.10	-58.680241	-58.847596	-59.687346
85.20	-58.846835	-59.081660	-59.675976
85.30	-58.865347	-59.116913	-59.679063
85.40	-58.781838	-59.144945	-59.624666
85.50	-58.599882	-59.166116	-59.600570
85.60	-58.239021	-59.215207	-59.594705
85.70	-57.462569	-59.265248	-59.604093
85.80	-56.454157	-59.320647	-59.598055
85.90	-56.274432	-59.356134	-59.517805
86.00	-56.190500	-59.402098	-59.429759
86.10	-57.063219	-59.388145	-59.403226
86.20	-57.919692	-59.422611	-59.350357
86.30	-58.926208	-59.469538	-59.350945
86.40	-59.739033	-59.523605	-59.370127
86.50	-60.249648	-59.581924	-59.422995
86.60	-60.559549	-59.621627	-59.453023
86.70	-60.697461	-59.671147	-59.470474
86.80	-60.701489	-59.702931	-59.459402
86.90	-60.641348	-59.723458	-59.462230
87.00	-60.612196	-59.756472	-59.471051
87.10	-60.557899	-59.819465	-59.457384
87.20	-60.479930	-59.902443	-59.466440
87.30	-60.421344	-59.998768	-59.433996
87.40	-60.356516	-60.080687	-59.350208
87.50	-60.237019	-60.082113	-59.143184
87.60	-59.892074	-60.095177	-58.643809
87.70	-59.522605	-60.043644	-58.372787
87.80	-59.476471	-60.041212	-58.366748
87.90	-59.737800	-59.912627	-58.814686
88.00	-60.256302	-59.811509	-59.431057
88.10	-60.657327	-59.773374	-59.916408
88.20	-60.849725	-59.690579	-60.195218
88.30	-60.860681	-59.596502	-60.382006
88.40	-60.879273	-59.463844	-60.508236
88.50	-60.819738	-59.297241	-60.601779
88.60	-60.782363	-59.101472	-60.653320
88.70	-60.740224	-58.926982	-60.633358
88.80	-60.673695	-58.722101	-60.603190
88.90	-60.635403	-58.464155	-60.613831
89.00	-60.570862	-57.945531	-60.605139
89.10	-60.510907	-57.403291	-60.607089
89.20	-60.408064	-57.358464	-60.640465
89.30	-60.320836	-57.575282	-60.672995
89.40	-60.240935	-58.080546	-60.631994
89.50	-60.217334	-58.478115	-60.589100
89.60	-60.212653	-58.590853	-60.542786
89.70	-60.197063	-58.313904	-60.517876
89.80	-60.198337	-57.829648	-60.531946
89.90	-60.212729	-57.856311	-60.503539
90.00	-60.192041	-57.992143	-60.469049
90.10	-60.189533	-58.582336	-60.429594
90.20	-60.201658	-59.123843	-60.409650
90.30	-60.221178	-59.494662	-60.380416
90.40	-60.270489	-59.632567	-60.345578
90.50	-60.267384	-59.682502	-60.328455
90.60	-60.254709	-59.686056	-60.324768
90.70	-60.236367	-59.665324	-60.331790
90.80	-60.214981	-59.626706	-60.368796
90.90	-60.212714	-59.577290	-60.379233
91.00	-60.177034	-59.522271	-60.371536
91.10	-60.095116	-59.417562	-60.305064
91.20	-60.073100	-59.324824	-60.218818
91.30	-60.049524	-59.242018	-60.166460
91.40	-60.068003	-59.185294	-60.070940
91.50	-60.070300	-59.146576	-59.968114
91.60	-60.037657	-59.097590	-59.879402
91.70	-59.981685	-59.065540	-59.733308
91.80	-59.885896	-59.064612	-59.636815
91.90	-59.809030	-59.057801	-59.577521
92.00	-59.790633	-59.013276	-59.567201
92.10	-59.724407	-58.939487	-59.593228
92.20	-59.666166	-58.695135	-59.646328
92.30	-59.609690	-58.168711	-59.695496
92.40	-59.555655	-58.046478	-59.766767
92.50	-59.503276	-58.037442	-59.786028
92.60	-59.500874	-58.570815	-59.812693
92.70	-59.488368	-59.086124	-59.845554
92.80	-59.444660	-59.430178	-59.882553
92.90	-59.425151	-59.636052	-59.922895
93.00	-59.421753	-59.624022	-59.941023
93.10	-59.452867	-59.460162	-59.989247
93.20	-59.507300	-59.130027	-60.059075
93.30	-59.576302	-58.470256	-60.120164
93.40	-59.628608	-58.357153	-60.198676
93.50	-59.663428	-58.287138	-60.197200
93.60	-59.651573	-58.867468	-60.229897
93.70	-59.612749	-59.312465	-60.217853
93.80	-59.484602	-59.566001	-60.196322
93.90	-59.096978	-59.638473	-60.098001
94.00	-58.644232	-59.661320	-60.059763
94.10	-58.653837	-59.558104	-60.041159
94.20	-58.933026	-59.385167	-59.967216
94.30	-59.476291	-58.933926	-59.926037
94.40	-59.904377	-58.508383	-59.885146
94.50	-60.190040	-57.262016	-59.838978
# IV Measures at spl 30
# RMP 	0.331254	0 
# IVshift	22.9
# IVOnset	0	0.952642
# IVAdaptation	1.95517	0.538874
# IVOffset	-0.0937475	4.99001
# IV Measures RMS error 	2.63868
#PSTH: Time	 Rate (sp/s)
# 0	0.000000
# 1	220.000000
# 2	284.000000
# 3	288.000000
# 4	260.000000
# 5	248.000000
# 6	136.000000
# 7	4.000000
# 8	0.000000
# 9	28.000000
# 10	4.000000
# 11	0.000000
# 12	0.000000
#CV: Time	 CV ()		 ISI mean (ms)		 ISI sd (ms) 
# 0	0.201808	3.200000	0.645784
# 1	0.213370	3.511268	0.749199
# 2	0.245694	3.636111	0.893372
# 3	0.244467	3.796875	0.928212
# 4	0.258731	3.896364	1.008109
#CV: Time	 CV reference		 CV test ()	 Weighting 
# 0	0.201808	0.132000	10000.000000
# 1	0.213370	0.236500	10000.000000
# 2	0.245694	0.259100	10000.000000
# 3	0.244467	0.260500	10000.000000
# CV Measures RMS error 	2.63868
#   FSL Mean 4.68, Std Dev 1.3466 
# Checked trials 	25
# Checked trials penalty	2.63868
# Sustained rate 	48.64
# Post stimulus rate penalty 	2.63868
#   CV Penalty = 10
		# IV Measures at spl 40
# RMP 	-55.9836	0 
# IVshift	22.4
# IVOnset	0.983041	1.01085
# IVAdaptation	1.95868	1.59713
# IVOffset	0.0753952	5.38671
# IV Measures RMS error 	2.66184
#PSTH: Time	 Rate (sp/s)
# 0	0.000000
# 1	224.000000
# 2	308.000000
# 3	280.000000
# 4	240.000000
# 5	252.000000
# 6	144.000000
# 7	0.000000
# 8	4.000000
# 9	12.000000
# 10	12.000000
# 11	0.000000
# 12	0.000000
#CV: Time	 CV ()		 ISI mean (ms)		 ISI sd (ms) 
# 0	0.178217	3.123214	0.556610
# 1	0.282273	3.520270	0.993676
# 2	0.278604	3.702778	1.031609
# 3	0.272177	3.888333	1.058315
# 4	0.215514	3.890196	0.838392
#CV: Time	 CV reference		 CV test ()	 Weighting 
# 0	0.178217	0.132000	20000.000000
# 1	0.282273	0.236500	20000.000000
# 2	0.278604	0.259100	20000.000000
# 3	0.272177	0.260500	20000.000000
# CV Measures RMS error 	2.66184
#   FSL Mean 4.436, Std Dev 1.00494 
# Checked trials 	25
# Checked trials penalty	2.66184
# Sustained rate 	48.96
# Post stimulus rate penalty 	2.66184
#   CV Penalty = 0
		# IV Measures at spl 50
# RMP 	0.273316	0 
# IVshift	22
# IVOnset	0	1.05475
# IVAdaptation	1.95517	-0.493251
# IVOffset	-0.803195	6.348
# IV Measures RMS error 	3.77936
#PSTH: Time	 Rate (sp/s)
# 0	0.000000
# 1	192.000000
# 2	308.000000
# 3	252.000000
# 4	240.000000
# 5	240.000000
# 6	144.000000
# 7	0.000000
# 8	8.000000
# 9	8.000000
# 10	0.000000
# 11	0.000000
# 12	0.000000
#CV: Time	 CV ()		 ISI mean (ms)		 ISI sd (ms) 
# 0	0.277262	3.845833	1.066304
# 1	0.282354	3.551316	1.002729
# 2	0.270438	3.923810	1.061149
# 3	0.384654	4.147541	1.595369
# 4	0.274923	4.088000	1.123885
#CV: Time	 CV reference		 CV test ()	 Weighting 
# 0	0.277262	0.132000	10000.000000
# 1	0.282354	0.236500	10000.000000
# 2	0.270438	0.259100	10000.000000
# 3	0.384654	0.260500	10000.000000
# CV Measures RMS error 	3.77936
#   FSL Mean 4.088, Std Dev 0.811028 
# Checked trials 	25
# Checked trials penalty	3.77936
# Sustained rate 	47.36
# Sustained rate penalty 	3.77936
# Post stimulus rate penalty 	3.77936
#   CV Penalty = 10
		#  Input Resistance = 165.574
#  Input Resistance Penalty = 10
#  tonefreq = 9100
# bandwidth
#	0.0000	0.0000	0.0000	0.0000
#	3.0000	0.0000	6.0000	0.0000
#	9.0000	13.9873	0.0000	5.0000
#	3.0000	0.0000	2.0000	0.0000
#	0.0000	0.0000	20.0000	0.0000
#	0.0000	0.0000	21.0000	5.0000
# num. connections
#	0	0	0	0
#	20	0	6	0
#	25	17	0	0
#	20	0	8	0
#	25	10	157	0
#	25	15	56	25
# weights
#	0	0	0	0
#	3.25372e-05	0	0.0005	0
#	0.000420567	0.0017	0	0
#	0.000311879	0	0.00483773	0
#	0.00107759	0.00478703	0.000167221	0.0487
#	0.00115814	0.00472638	0.0101869	0.5166
# delay
#	0.4000	0.0000	0.4000	0.0000
#	0.4000	0.0000	1.0000	0.0000
#	0.4000	1.0000	0.0000	0.0000
#	0.0000	0.0000	0.4000	0.0000
#	0.0000	0.5000	0.0000	2.5000
#	0.0000	0.5000	0.0000	1.0000
# offset  2.1
# golgi_spatial_filter_variance_LSR	 2.4837
# golgi_syn_filter_scale_factor 1
# golgi_spon 3.7271
# ds_gaba_decay			 5.43235
# ds_gaba_rise			 0.261939
# ds_erev  -65
# ds_gkltbar	 0.0163897
# ds_gkhtbar	 0.030623
# ds_gleak  0.000274146
# ds_gnabar  0.204153
# tv_gleak  0.0004987
# tv_erev  -65.894
# ts_gkhtbar  0.0189416
# ts_gnabar  0.23677
# ts_gkabar  0.01539
# ts_ghbar  6.20392e-05
# ts_gleak  0.000465893
# ts_erev  -62.9368
# ts_dend_g  0.001
# ts_dend_e  -65
# ts_jitter_sd  0.2
