# TStellate2_CS Optimisation
# 20130621+13:51:40
 
#param.w.x[lsr][ts] = 0.00171777	[1e-07,0.3]
#param.w.x[hsr][ts] = 0.00067581	[1e-07,0.3]
#param.w.x[ds][ts] = 0.000834633	[1e-07,0.3]
#param.w.x[tv][ts] = 1.1606e-05	[1e-07,0.3]
#param.w.x[glg][ts] = 3.3936e-05	[1e-07,0.3]
# final error=10.999743
# Threshold level 10 
# Threshold rate 525 
# TS exemplar RMP -60.9
# TS exemplar CF 9100
# Time	 IV @spl=20 (mV)	 IV @spl=30 (mV)	 IV @spl=40 (mV)
-20.00	-65.000000	-65.000000	-65.000000
-19.90	-64.771356	-64.771356	-64.771356
-19.80	-64.554578	-64.554578	-64.554578
-19.70	-64.348924	-64.348924	-64.348924
-19.60	-64.153860	-64.153860	-64.153860
-19.50	-63.953293	-63.968898	-63.968898
-19.40	-63.751351	-63.777901	-63.793461
-19.30	-63.551015	-63.600608	-63.627087
-19.20	-63.323536	-63.435366	-63.469362
-19.10	-63.095074	-63.265455	-63.289013
-19.00	-62.899428	-63.109814	-63.125662
-18.90	-62.714378	-62.951140	-62.961063
-18.80	-62.554420	-62.807503	-62.782345
-18.70	-62.414416	-62.661381	-62.596087
-18.60	-62.275542	-62.530311	-62.437002
-18.50	-62.124077	-62.411696	-62.284276
-18.40	-61.965239	-62.303573	-62.092369
-18.30	-61.803446	-62.144245	-61.935539
-18.20	-61.611983	-61.995104	-61.790324
-18.10	-61.401511	-61.855101	-61.655516
-18.00	-61.209652	-61.723127	-61.544714
-17.90	-61.017429	-61.598714	-61.422920
-17.80	-60.796587	-61.481232	-61.294421
-17.70	-60.617118	-61.385282	-61.177881
-17.60	-60.440452	-61.291515	-61.071449
-17.50	-60.266955	-61.200097	-60.958922
-17.40	-60.126648	-61.111605	-60.784753
-17.30	-59.997392	-61.026472	-60.612267
-17.20	-59.879249	-60.959953	-60.457548
-17.10	-59.799643	-60.907805	-60.288656
-17.00	-59.720512	-60.866859	-60.154617
-16.90	-59.658213	-60.834807	-60.032095
-16.80	-59.622584	-60.794857	-59.905588
-16.70	-59.564161	-60.734962	-59.792528
-16.60	-59.491235	-60.661718	-59.661584
-16.50	-59.436763	-60.609448	-59.534166
-16.40	-59.395639	-60.513838	-59.411986
-16.30	-59.364264	-60.403957	-59.308076
-16.20	-59.312750	-60.283366	-59.203407
-16.10	-59.248483	-60.141108	-59.128105
-16.00	-59.175636	-60.028539	-59.046477
-15.90	-59.111788	-59.923561	-58.931569
-15.80	-59.051814	-59.781014	-58.850453
-15.70	-58.996153	-59.672179	-58.808908
-15.60	-58.942359	-59.516481	-58.797345
-15.50	-58.920015	-59.415182	-58.779892
-15.40	-58.906428	-59.310964	-58.759564
-15.30	-58.914787	-59.206717	-58.710783
-15.20	-58.939576	-59.101816	-58.683972
-15.10	-58.933581	-59.026582	-58.660654
-15.00	-58.891647	-58.945126	-58.597288
-14.90	-58.823394	-58.876172	-58.576890
-14.80	-58.723058	-58.803201	-58.573093
-14.70	-58.658454	-58.728422	-58.554854
-14.60	-58.605122	-58.681940	-58.553950
-14.50	-58.574366	-58.612821	-58.565746
-14.40	-58.561178	-58.543341	-58.572394
-14.30	-58.546201	-58.474078	-58.576627
-14.20	-58.532210	-58.390384	-58.592528
-14.10	-58.532282	-58.284570	-58.604266
-14.00	-58.528612	-58.176701	-58.595747
-13.90	-58.507783	-58.068051	-58.502742
-13.80	-58.434682	-57.919298	-58.461267
-13.70	-58.379114	-57.827265	-58.398444
-13.60	-58.364872	-57.762180	-58.350013
-13.50	-58.323651	-57.690017	-58.299066
-13.40	-58.291929	-57.669390	-58.289076
-13.30	-58.296775	-57.645037	-58.266095
-13.20	-58.314056	-57.619156	-58.234207
-13.10	-58.312973	-57.606380	-58.183230
-13.00	-58.299421	-57.619019	-58.160558
-12.90	-58.291226	-57.650448	-58.088271
-12.80	-58.286461	-57.694250	-58.039262
-12.70	-58.286425	-57.747031	-58.006897
-12.60	-58.303824	-57.751543	-57.958719
-12.50	-58.290542	-57.745472	-57.866953
-12.40	-58.283101	-57.757629	-57.788285
-12.30	-58.293181	-57.796395	-57.732498
-12.20	-58.302531	-57.839117	-57.695788
-12.10	-58.323396	-57.856014	-57.645997
-12.00	-58.338823	-57.866352	-57.602116
-11.90	-58.364365	-57.897906	-57.560857
-11.80	-58.398354	-57.899721	-57.532456
-11.70	-58.436641	-57.891041	-57.513249
-11.60	-58.451172	-57.804192	-57.509893
-11.50	-58.431912	-57.666218	-57.498344
-11.40	-58.431199	-57.527608	-57.485711
-11.30	-58.388898	-57.304575	-57.427544
-11.20	-58.358991	-56.778266	-57.322871
-11.10	-58.320619	-56.419474	-57.049801
-11.00	-58.304110	-56.337683	-56.544628
-10.90	-58.273419	-56.802857	-56.589688
-10.80	-58.221568	-57.081595	-56.897316
-10.70	-58.166909	-56.734787	-57.457729
-10.60	-58.111402	-56.844147	-57.915126
-10.50	-58.055517	-56.926858	-58.149924
-10.40	-57.973459	-57.630771	-58.238032
-10.30	-57.888321	-58.152248	-58.248494
-10.20	-57.810250	-58.455109	-58.219255
-10.10	-57.753222	-58.590424	-58.137436
-10.00	-57.709234	-58.658995	-58.072805
-9.90	-57.689640	-58.677232	-57.991275
-9.80	-57.630499	-58.680011	-57.950784
-9.70	-57.599597	-58.705512	-57.851961
-9.60	-57.590721	-58.705162	-57.759472
-9.50	-57.585506	-58.716047	-57.673881
-9.40	-57.528177	-58.636606	-57.507381
-9.30	-57.490012	-58.563310	-57.220846
-9.20	-57.422187	-58.523208	-56.484690
-9.10	-57.379545	-58.477685	-56.393412
-9.00	-57.369105	-58.428867	-56.308943
-8.90	-57.327821	-58.377737	-56.912830
-8.80	-57.290424	-58.312214	-57.377335
-8.70	-57.296988	-58.263108	-57.509498
-8.60	-57.267278	-58.242103	-57.462502
-8.50	-57.237596	-58.228072	-57.271813
-8.40	-57.221679	-58.203855	-56.983356
-8.30	-57.200880	-58.171355	-56.390057
-8.20	-57.170816	-58.121599	-56.193989
-8.10	-57.135217	-58.054685	-56.144585
-8.00	-57.128712	-57.920835	-56.674351
-7.90	-57.111124	-57.799435	-57.183967
-7.80	-57.057421	-57.728353	-57.465834
-7.70	-56.986938	-57.665578	-57.570888
-7.60	-56.867249	-57.594903	-57.551239
-7.50	-56.595996	-57.562810	-57.391768
-7.40	-55.792646	-57.560623	-57.069417
-7.30	-55.329127	-57.579299	-56.536925
-7.20	-55.136851	-57.612841	-56.542360
-7.10	-55.789981	-57.644159	-56.709844
-7.00	-56.880551	-57.689251	-57.313232
-6.90	-57.756460	-57.743998	-57.775386
-6.80	-58.277255	-57.751612	-57.985140
-6.70	-58.531178	-57.725925	-58.098407
-6.60	-58.635824	-57.643496	-58.150445
-6.50	-58.683940	-57.574902	-58.148210
-6.40	-58.633280	-57.544494	-58.124300
-6.30	-58.603167	-57.529628	-58.100338
-6.20	-58.576202	-57.510054	-58.006497
-6.10	-58.538470	-57.446522	-57.946356
-6.00	-58.521234	-57.377618	-57.896732
-5.90	-58.460463	-57.334395	-57.812422
-5.80	-58.415612	-57.322739	-57.744015
-5.70	-58.381684	-57.291807	-57.701716
-5.60	-58.337003	-57.264027	-57.663989
-5.50	-58.317683	-57.224058	-57.625823
-5.40	-58.274041	-57.189609	-57.543101
-5.30	-58.269000	-57.146723	-57.465256
-5.20	-58.248354	-57.111913	-57.351497
-5.10	-58.231447	-57.079926	-57.224540
-5.00	-58.218741	-57.025123	-56.982969
-4.90	-58.222612	-56.976110	-56.416080
-4.80	-58.183285	-56.946333	-56.385834
-4.70	-58.150493	-56.928111	-56.415458
-4.60	-58.139794	-56.887910	-57.059071
-4.50	-58.074633	-56.849271	-57.524179
-4.40	-57.984084	-56.852474	-57.835349
-4.30	-57.930706	-56.886688	-57.997122
-4.20	-57.817293	-56.889940	-58.101289
-4.10	-57.677470	-56.869459	-58.167749
-4.00	-57.576308	-56.869733	-58.214767
-3.90	-57.514877	-56.840030	-58.277880
-3.80	-57.426320	-56.816323	-58.310555
-3.70	-57.360825	-56.792372	-58.322398
-3.60	-57.296231	-56.750528	-58.289061
-3.50	-57.273756	-56.708022	-58.239732
-3.40	-57.279972	-56.633307	-58.121692
-3.30	-57.260064	-56.453668	-57.982614
-3.20	-57.202435	-55.889446	-57.909789
-3.10	-57.118036	-55.847185	-57.884500
-3.00	-57.012061	-55.862114	-57.851546
-2.90	-56.776024	-56.498053	-57.813314
-2.80	-56.186337	-56.895744	-57.702606
-2.70	-56.214801	-57.168324	-57.626088
-2.60	-56.211267	-57.253384	-57.572990
-2.50	-56.849256	-57.261314	-57.551494
-2.40	-57.303061	-57.284378	-57.537252
-2.30	-57.559377	-57.272581	-57.542897
-2.20	-57.690634	-57.292090	-57.522744
-2.10	-57.689365	-57.305708	-57.494762
-2.00	-57.645886	-57.318921	-57.471934
-1.90	-57.526388	-57.341579	-57.467951
-1.80	-57.387885	-57.369908	-57.478137
-1.70	-57.227049	-57.385534	-57.456845
-1.60	-56.975218	-57.321439	-57.428821
-1.50	-56.395033	-57.282506	-57.435648
-1.40	-56.076828	-57.215042	-57.467050
-1.30	-55.917633	-57.132122	-57.458361
-1.20	-56.200217	-57.047121	-57.394109
-1.10	-56.145737	-56.896408	-57.331431
-1.00	-56.163938	-56.458488	-57.304342
-0.90	-56.306307	-55.955679	-57.202284
-0.80	-56.879883	-55.894295	-57.117888
-0.70	-57.431022	-56.207948	-56.944332
-0.60	-57.786995	-56.765089	-56.727051
-0.50	-57.934359	-57.223476	-56.407244
-0.40	-57.985399	-57.454096	-55.812646
-0.30	-58.026426	-57.521276	-55.771987
-0.20	-58.004434	-57.493714	-55.737165
-0.10	-57.981252	-57.429827	-56.301672
0.00	-57.929872	-57.370257	-56.526912
0.10	-57.875450	-57.344303	-56.432461
0.20	-57.819227	-57.273556	-56.249287
0.30	-57.773049	-57.212966	-56.298880
0.40	-57.735818	-57.162053	-56.648808
0.50	-57.716712	-57.116467	-57.146786
0.60	-57.712063	-57.060383	-57.501893
0.70	-57.715359	-56.969336	-57.702726
0.80	-57.656133	-56.866765	-57.808636
0.90	-57.608861	-56.732120	-57.848035
1.00	-57.541380	-56.594325	-57.814319
1.10	-57.503480	-56.395112	-57.696945
1.20	-57.449735	-55.927131	-57.525840
1.30	-57.412220	-55.613654	-57.161125
1.40	-57.335794	-55.662251	-56.560107
1.50	-57.253445	-56.156074	-56.464803
1.60	-57.084903	-56.795394	-56.651301
1.70	-56.736763	-57.294960	-57.154897
1.80	-56.325919	-57.536661	-57.460927
1.90	-56.359502	-57.674258	-57.547380
2.00	-56.642097	-57.742413	-57.499592
2.10	-57.220878	-57.773343	-57.388110
2.20	-57.556832	-57.739852	-57.137677
2.30	-57.748241	-57.692057	-56.471695
2.40	-57.799850	-57.620970	-56.382450
2.50	-57.780349	-57.520121	-56.359397
2.60	-57.728302	-57.424349	-56.977869
2.70	-57.632288	-57.330441	-57.477583
2.80	-57.472209	-57.210037	-57.815409
2.90	-57.209541	-57.110841	-57.992273
3.00	-56.573810	-57.040420	-58.114307
3.10	-56.337524	-56.963928	-58.150142
3.20	-56.262351	-56.847760	-58.172318
3.30	-56.728574	-56.745281	-58.188577
3.40	-57.117176	-56.679222	-58.145845
3.50	-57.218002	-56.624861	-58.111081
3.60	-56.760296	-56.591132	-58.012183
3.70	-56.812232	-56.555737	-57.696220
3.80	-56.858968	-56.468833	-56.676833
3.90	-57.551157	-56.293144	-55.068760
4.00	-58.030652	-55.859072	-52.615372
4.10	-58.353301	-54.923161	-48.861638
4.20	-58.537718	-53.354271	-43.832846
4.30	-58.491049	-51.441867	-34.833834
4.40	-58.310939	-49.157196	-25.347797
4.50	-57.961641	-46.063635	-21.302230
4.60	-57.374949	-40.064430	-24.578273
4.70	-56.315493	-30.490085	-34.622634
4.80	-54.602366	-22.009609	-45.685380
4.90	-52.207203	-23.121408	-54.064640
5.00	-48.920115	-29.482039	-59.037569
5.10	-43.748326	-41.392353	-61.280494
5.20	-36.177434	-51.217356	-62.214595
5.30	-26.542651	-57.324868	-62.406543
5.40	-22.949078	-60.101929	-62.218507
5.50	-25.823730	-61.277496	-61.839843
5.60	-34.432617	-61.519391	-61.313253
5.70	-44.243741	-61.411552	-60.674142
5.80	-51.657933	-61.128204	-60.052520
5.90	-56.444091	-60.907242	-59.470806
6.00	-58.965744	-60.578646	-58.721304
6.10	-60.053818	-60.218811	-57.827984
6.20	-60.231007	-59.679969	-56.805000
6.30	-59.965559	-59.007134	-55.720624
6.40	-59.487810	-58.315717	-54.585097
6.50	-58.934683	-57.595454	-53.285951
6.60	-58.404084	-56.985685	-51.672763
6.70	-57.899715	-56.284444	-49.011462
6.80	-57.238143	-55.637713	-46.782721
6.90	-56.735462	-54.978345	-44.076316
7.00	-56.249307	-54.246108	-41.177489
7.10	-55.721105	-53.347535	-39.124858
7.20	-55.095431	-52.121422	-37.396338
7.30	-54.405419	-50.012035	-36.453470
7.40	-53.473871	-48.160430	-38.345078
7.50	-52.213323	-47.015571	-40.299017
7.60	-51.096111	-46.127692	-42.395282
7.70	-49.875566	-45.722856	-45.043784
7.80	-49.540690	-43.709105	-48.295801
7.90	-49.024791	-41.552992	-51.896741
8.00	-48.526170	-38.573645	-55.292936
8.10	-47.284440	-36.241148	-57.319958
8.20	-46.701457	-37.492651	-58.512117
8.30	-46.220533	-40.004066	-58.726306
8.40	-46.282137	-45.078697	-58.534934
8.50	-45.815749	-49.755570	-58.027058
8.60	-45.087599	-53.331937	-57.409621
8.70	-43.323601	-55.477102	-56.800834
8.80	-43.458183	-55.499356	-56.184165
8.90	-43.566114	-55.406318	-55.334403
9.00	-45.434234	-55.260812	-54.305817
9.10	-45.970452	-56.065340	-52.890250
9.20	-46.287255	-57.367857	-51.565521
9.30	-47.046942	-57.887617	-50.301388
9.40	-48.705669	-57.825123	-48.480578
9.50	-51.266204	-57.374014	-46.839500
9.60	-53.466144	-56.633666	-46.045366
9.70	-55.431870	-55.386737	-45.658931
9.80	-56.850120	-54.102080	-45.235413
9.90	-57.824891	-52.555627	-44.426969
10.00	-58.132265	-51.306438	-44.372839
10.10	-57.847684	-50.526827	-44.397311
10.20	-56.729191	-50.508667	-44.008242
10.30	-55.303447	-51.511700	-43.359340
10.40	-54.640490	-52.358713	-42.521424
10.50	-54.349366	-53.242198	-43.726024
10.60	-54.622901	-53.264859	-45.735840
10.70	-54.603628	-52.025387	-48.497149
10.80	-54.092386	-49.745138	-50.846776
10.90	-53.595778	-48.604051	-51.584224
11.00	-52.930515	-47.129269	-52.531671
11.10	-52.400105	-47.495266	-52.657897
11.20	-52.118784	-47.310117	-52.965303
11.30	-51.501719	-46.673885	-53.175664
11.40	-50.830092	-46.701203	-53.232598
11.50	-49.386861	-46.393550	-53.240365
11.60	-48.555436	-46.934456	-53.186719
11.70	-47.830379	-47.676232	-52.773388
11.80	-47.027673	-48.513835	-51.684857
11.90	-46.367062	-49.472071	-50.185969
12.00	-44.826056	-49.549849	-49.652253
12.10	-45.215932	-51.115125	-49.595636
12.20	-46.575422	-51.782032	-49.969387
12.30	-48.390800	-53.325551	-49.198899
12.40	-48.799472	-54.664991	-47.536470
12.50	-48.918751	-55.556833	-46.748944
12.60	-49.114076	-56.035545	-46.626700
12.70	-49.183653	-55.962827	-47.000835
12.80	-50.164510	-55.437369	-46.680646
12.90	-50.989585	-54.134018	-44.658084
13.00	-51.946249	-52.793464	-43.132179
13.10	-53.159933	-51.974149	-42.313847
13.20	-53.922067	-51.138771	-43.597980
13.30	-54.573196	-50.993247	-46.037640
13.40	-55.049488	-50.267997	-48.615585
13.50	-54.363154	-49.524186	-50.147259
13.60	-54.230006	-48.338932	-50.380584
13.70	-53.719836	-48.289661	-50.138683
13.80	-53.725460	-48.292905	-50.268715
13.90	-54.243517	-48.169613	-51.288481
14.00	-54.421528	-47.346072	-52.135421
14.10	-54.810450	-47.326480	-53.177098
14.20	-54.924514	-47.057701	-53.177606
14.30	-54.633733	-47.352851	-53.021200
14.40	-53.526862	-47.356674	-53.099522
14.50	-52.787973	-47.573249	-53.339772
14.60	-51.849346	-48.077174	-53.611468
14.70	-51.082622	-49.009824	-53.074198
14.80	-49.431478	-49.828641	-51.963293
14.90	-45.423094	-50.566614	-50.506309
15.00	-43.897211	-51.324848	-49.377706
15.10	-43.143963	-52.221948	-49.081792
15.20	-45.034290	-52.656434	-48.864127
15.30	-48.207335	-52.996911	-49.382491
15.40	-49.982653	-53.430840	-49.808865
15.50	-51.314788	-53.779382	-49.652425
15.60	-50.796777	-53.948330	-49.014110
15.70	-50.262990	-53.945379	-47.602443
15.80	-49.297094	-53.080011	-46.845042
15.90	-49.908130	-52.342511	-46.485476
16.00	-50.783466	-51.090447	-47.502925
16.10	-51.514903	-50.981963	-48.579653
16.20	-51.640541	-51.664869	-49.246722
16.30	-51.279084	-52.850705	-49.358475
16.40	-49.731416	-53.977080	-48.400098
16.50	-48.438188	-54.303446	-47.888031
16.60	-48.017140	-53.691382	-47.569000
16.70	-49.198840	-52.527145	-47.939553
16.80	-51.199701	-51.393911	-48.662826
16.90	-53.390118	-50.619296	-50.045008
17.00	-54.756413	-50.294021	-51.105351
17.10	-55.359921	-49.820677	-52.273820
17.20	-55.134733	-48.698686	-52.968855
17.30	-54.012758	-48.366226	-53.084393
17.40	-53.149833	-47.000725	-53.078194
17.50	-53.121342	-47.577922	-52.596950
17.60	-53.769138	-46.830702	-52.106411
17.70	-54.666184	-47.094063	-51.985021
17.80	-54.952223	-47.877188	-51.725413
17.90	-55.148099	-48.415524	-51.195991
18.00	-54.729738	-50.154983	-51.035025
18.10	-54.403223	-50.681200	-50.737798
18.20	-54.237292	-51.061510	-51.250910
18.30	-53.641839	-50.438783	-50.839455
18.40	-52.942937	-49.827582	-50.066097
18.50	-51.293668	-50.383679	-49.602391
18.60	-49.525595	-51.962318	-49.843625
18.70	-48.099854	-54.162977	-50.854327
18.80	-47.706565	-56.187086	-51.426296
18.90	-47.800564	-57.180686	-52.017848
19.00	-48.648915	-57.397223	-51.729331
19.10	-49.886117	-57.139372	-50.884446
19.20	-50.768564	-56.546091	-49.402948
19.30	-51.959567	-55.869996	-47.735688
19.40	-52.230500	-54.905890	-46.949444
19.50	-52.294144	-53.325682	-46.139181
19.60	-51.988390	-51.817041	-45.356753
19.70	-51.003974	-50.620120	-46.159027
19.80	-50.299255	-49.354212	-46.947593
19.90	-50.356649	-47.926437	-48.685067
20.00	-51.101509	-46.619531	-49.484386
20.10	-52.283448	-46.343376	-49.349219
20.20	-53.784525	-47.124713	-48.824484
20.30	-54.570107	-48.675871	-48.311634
20.40	-54.793635	-50.205651	-48.945621
20.50	-55.333104	-51.043872	-50.199636
20.60	-55.267537	-51.716505	-51.554606
20.70	-55.388514	-51.636255	-52.196863
20.80	-54.950678	-51.502223	-52.204356
20.90	-53.390743	-51.348245	-51.777345
21.00	-51.354673	-50.950172	-51.419777
21.10	-49.867781	-49.878695	-51.178286
21.20	-49.945246	-47.892623	-50.996964
21.30	-51.297879	-46.834205	-49.849047
21.40	-53.065525	-46.657146	-48.644276
21.50	-53.971004	-47.799405	-47.174006
21.60	-53.914432	-49.560718	-46.777134
21.70	-52.748592	-50.403720	-47.682453
21.80	-51.309089	-51.775194	-48.557583
21.90	-49.708335	-52.857476	-48.891982
22.00	-48.121675	-53.503979	-48.902563
22.10	-47.551936	-53.718553	-48.632243
22.20	-47.273605	-52.767029	-49.085144
22.30	-48.260872	-52.740519	-48.908795
22.40	-49.668003	-52.730392	-48.877637
22.50	-51.557868	-53.269360	-48.903420
22.60	-52.856705	-53.197955	-49.841468
22.70	-53.047436	-52.923646	-50.915443
22.80	-52.769950	-52.727408	-51.986249
22.90	-52.001640	-52.655518	-51.675108
23.00	-51.939788	-52.798499	-50.144061
23.10	-51.679707	-52.666935	-49.170059
23.20	-51.415980	-52.298661	-48.374661
23.30	-51.504055	-52.121619	-49.676470
23.40	-52.136380	-51.003738	-50.448918
23.50	-52.970608	-50.296375	-51.067867
23.60	-53.088145	-49.448057	-51.632639
23.70	-53.064715	-48.873890	-51.775922
23.80	-52.897891	-48.867039	-52.673309
23.90	-52.597518	-47.909961	-53.091952
24.00	-53.295076	-47.119166	-53.220492
24.10	-53.477837	-46.592466	-53.169689
24.20	-53.524867	-47.944579	-52.599292
24.30	-52.592573	-49.827001	-52.258646
24.40	-51.283002	-51.630800	-51.676775
24.50	-50.172386	-52.739182	-51.092065
24.60	-49.576114	-52.745624	-50.593895
24.70	-50.279756	-52.637410	-50.035377
24.80	-51.075047	-51.836269	-49.675842
24.90	-51.239749	-51.067936	-49.428495
25.00	-50.894653	-51.010083	-48.946325
25.10	-49.262138	-50.606616	-48.874616
25.20	-48.332699	-49.714310	-48.741466
25.30	-48.848597	-48.592503	-48.078956
25.40	-50.504967	-48.354279	-48.120474
25.50	-52.697375	-49.070668	-47.616563
25.60	-53.935674	-49.881687	-47.253021
25.70	-53.633339	-50.475464	-47.231403
25.80	-52.592386	-50.329385	-46.601523
25.90	-51.855137	-50.187252	-46.489469
26.00	-51.650162	-50.993706	-46.379112
26.10	-52.257138	-51.673969	-46.658344
26.20	-52.340440	-51.854349	-47.570621
26.30	-51.332930	-51.614393	-48.973298
26.40	-48.485166	-50.622096	-50.909180
26.50	-45.862123	-49.796449	-52.441330
26.60	-45.297833	-47.785063	-52.462435
26.70	-47.073895	-47.049005	-51.862303
26.80	-50.569540	-46.432731	-51.803987
26.90	-53.501215	-47.531277	-52.209301
27.00	-55.149109	-49.068446	-53.080984
27.10	-55.913878	-50.534963	-52.945479
27.20	-56.103768	-50.364968	-51.922850
27.30	-55.926067	-50.371390	-50.553014
27.40	-55.661263	-50.922920	-50.347501
27.50	-55.102178	-52.537065	-50.693127
27.60	-54.244029	-54.539658	-52.118154
27.70	-53.043441	-55.952646	-53.021751
27.80	-51.916379	-56.366833	-53.482008
27.90	-52.250181	-56.078985	-53.859066
28.00	-53.071042	-55.259288	-53.831955
28.10	-54.425206	-54.485326	-54.001988
28.20	-55.252864	-53.593080	-53.934936
28.30	-55.133468	-52.864102	-53.582230
28.40	-53.627804	-52.276210	-52.657270
28.50	-52.246483	-51.273372	-51.045050
28.60	-51.387261	-50.697915	-49.342948
28.70	-50.984127	-50.430631	-47.342078
28.80	-50.878823	-50.499565	-46.025988
28.90	-50.524596	-51.261955	-45.494401
29.00	-50.771083	-51.416792	-44.822717
29.10	-51.799185	-51.657002	-44.193760
29.20	-53.264540	-51.597003	-44.610936
29.30	-54.257834	-50.820650	-45.861552
29.40	-54.402398	-49.904897	-48.386830
29.50	-53.646774	-48.562579	-51.067465
29.60	-51.878009	-47.991310	-52.951936
29.70	-50.772764	-46.672614	-53.702846
29.80	-49.237090	-44.562315	-54.049907
29.90	-48.165539	-44.181155	-54.068882
30.00	-47.994770	-43.891496	-53.808828
30.10	-47.971118	-45.965954	-52.807604
30.20	-48.428377	-48.560531	-52.618547
30.30	-49.456731	-50.705906	-52.046913
30.40	-49.765642	-53.107262	-52.288855
30.50	-49.927545	-54.854184	-51.503659
30.60	-49.965678	-55.806296	-50.821203
30.70	-48.943253	-55.372599	-49.381357
30.80	-48.891718	-54.447955	-48.787345
30.90	-48.846874	-53.489063	-49.371712
31.00	-49.735396	-53.218811	-50.358489
31.10	-50.253330	-53.056341	-51.395319
31.20	-50.871999	-52.342715	-52.161610
31.30	-51.319626	-51.250077	-52.098225
31.40	-52.051342	-50.236516	-51.665069
31.50	-53.435800	-50.485048	-50.947364
31.60	-54.720814	-51.429847	-49.810578
31.70	-55.868893	-52.909611	-47.402551
31.80	-56.215290	-53.648886	-46.223656
31.90	-55.847397	-53.710262	-45.296473
32.00	-54.326012	-53.089110	-46.237502
32.10	-53.730996	-51.449479	-47.683555
32.20	-52.719967	-49.861568	-48.795968
32.30	-53.545306	-48.060673	-49.625674
32.40	-53.795624	-46.989207	-50.497378
32.50	-53.920274	-45.950143	-50.660563
32.60	-53.005281	-45.501498	-50.792232
32.70	-52.522478	-45.582649	-50.422704
32.80	-51.829188	-45.329905	-50.392166
32.90	-51.575105	-45.182249	-50.304716
33.00	-50.301913	-44.977601	-50.681383
33.10	-50.188811	-45.886959	-50.502037
33.20	-49.261504	-47.927818	-51.153232
33.30	-50.143143	-50.223361	-51.062706
33.40	-51.153446	-52.279707	-51.691750
33.50	-52.357552	-53.177784	-51.461471
33.60	-52.902479	-53.493851	-50.545227
33.70	-52.707332	-53.171069	-50.334610
33.80	-52.205428	-52.484263	-49.903045
33.90	-51.853123	-53.069842	-49.760454
34.00	-52.314005	-53.339889	-49.918286
34.10	-52.727934	-54.449974	-50.228603
34.20	-52.610535	-55.234397	-50.539759
34.30	-52.234472	-55.596538	-51.091130
34.40	-51.811189	-56.013035	-51.041751
34.50	-51.171634	-56.139667	-50.808923
34.60	-51.246498	-55.892227	-49.561670
34.70	-51.340519	-55.364235	-48.824909
34.80	-51.362297	-54.482322	-48.662126
34.90	-51.196936	-52.803537	-49.307341
35.00	-50.408662	-51.407130	-50.941546
35.10	-49.539661	-50.146759	-52.267345
35.20	-48.916598	-48.865191	-52.955536
35.30	-48.719988	-47.671953	-52.776672
35.40	-49.204416	-47.897617	-51.891565
35.50	-50.064830	-47.987199	-50.736507
35.60	-50.319285	-49.601833	-50.741900
35.70	-50.435944	-50.628176	-50.618404
35.80	-51.027972	-50.681240	-50.553606
35.90	-51.592821	-50.213451	-50.010295
36.00	-52.330999	-49.395004	-49.047811
36.10	-51.980923	-48.413591	-48.815760
36.20	-52.517786	-47.823698	-49.608380
36.30	-53.012359	-47.242322	-50.477724
36.40	-54.372378	-47.370637	-51.609382
36.50	-54.886764	-47.667033	-52.206616
36.60	-54.279901	-48.818318	-51.882982
36.70	-53.455681	-49.667431	-52.825940
36.80	-52.237665	-51.006931	-53.112974
36.90	-51.364723	-51.500261	-53.845974
37.00	-50.356224	-51.580377	-53.806640
37.10	-49.921282	-52.145976	-53.291731
37.20	-49.687820	-52.823728	-52.149233
37.30	-49.340252	-53.602508	-51.158711
37.40	-50.152859	-54.125717	-50.438571
37.50	-51.086316	-53.847802	-50.645152
37.60	-52.796412	-53.415691	-50.987505
37.70	-54.144697	-52.947466	-50.814982
37.80	-55.037837	-52.970033	-50.914834
37.90	-55.119465	-53.655912	-50.548177
38.00	-54.431935	-53.960438	-51.043454
38.10	-52.486084	-53.857024	-51.544192
38.20	-50.576853	-53.853965	-52.127133
38.30	-48.607463	-53.644169	-52.346599
38.40	-48.570157	-53.649101	-52.421772
38.50	-49.733580	-52.527281	-51.989090
38.60	-51.742039	-50.778480	-51.447922
38.70	-53.151899	-49.692360	-49.582814
38.80	-53.351351	-49.393153	-46.688274
38.90	-52.409921	-49.533000	-44.690338
39.00	-50.950199	-50.214595	-44.852747
39.10	-50.291145	-50.506778	-45.821544
39.20	-50.084728	-51.610566	-47.563806
39.30	-51.339891	-52.663893	-48.463674
39.40	-51.909809	-53.440879	-49.042124
39.50	-52.119991	-53.231270	-49.793300
39.60	-51.430499	-52.804160	-50.639144
39.70	-51.114871	-50.994038	-51.339756
39.80	-51.276337	-49.609278	-50.831624
39.90	-52.372569	-48.554642	-50.146088
40.00	-53.245936	-48.218259	-49.844557
40.10	-54.735539	-48.088944	-49.709587
40.20	-55.331171	-48.062601	-50.910506
40.30	-55.766281	-48.045170	-51.643884
40.40	-55.298907	-48.594304	-52.569951
40.50	-54.989451	-50.253436	-52.690178
40.60	-53.993776	-52.098091	-52.601774
40.70	-53.926902	-53.499231	-52.317108
40.80	-53.284468	-53.717305	-52.145364
40.90	-53.474570	-52.669279	-52.506713
41.00	-52.658604	-51.926032	-53.297662
41.10	-52.415185	-51.066605	-54.044894
41.20	-52.089725	-51.723290	-54.226573
41.30	-51.592384	-52.540877	-53.718622
41.40	-51.865562	-53.812065	-52.476230
41.50	-50.724736	-54.156659	-52.468111
41.60	-50.436657	-53.641541	-52.191626
41.70	-50.384873	-52.853840	-53.126329
41.80	-50.618724	-50.849764	-53.637804
41.90	-50.847819	-50.396584	-54.241946
42.00	-50.480033	-49.753125	-54.474981
42.10	-49.409641	-49.642049	-53.867055
42.20	-46.829359	-50.016388	-52.823536
42.30	-46.684954	-49.418721	-51.594379
42.40	-46.475295	-48.570938	-49.966860
42.50	-49.666854	-48.564144	-48.854110
42.60	-52.511065	-48.965214	-48.539584
42.70	-54.861433	-49.651916	-48.812559
42.80	-55.782109	-50.279764	-49.707092
42.90	-55.236866	-49.828640	-50.152089
43.00	-54.851451	-49.154839	-50.277284
43.10	-54.441968	-48.106383	-50.659265
43.20	-54.784878	-49.225836	-50.478452
43.30	-54.465008	-49.727533	-50.516219
43.40	-53.783788	-51.942399	-50.062913
43.50	-53.107872	-52.909237	-49.777461
43.60	-52.481472	-52.810644	-50.564921
43.70	-52.411864	-52.204535	-51.091823
43.80	-52.181037	-51.982705	-50.820171
43.90	-51.943716	-51.836092	-49.117231
44.00	-52.202949	-52.743189	-47.466161
44.10	-52.337675	-53.743757	-47.272632
44.20	-52.946036	-55.009901	-48.317729
44.30	-53.027084	-55.917900	-49.520127
44.40	-53.773426	-56.207938	-49.796576
44.50	-54.320828	-55.939234	-50.638176
44.60	-55.222721	-55.017367	-50.841575
44.70	-55.336864	-54.199345	-51.967571
44.80	-55.647942	-53.226151	-52.341627
44.90	-55.497307	-52.606137	-52.481094
45.00	-55.333852	-51.829490	-51.612587
45.10	-54.987589	-50.944671	-51.691684
45.20	-54.846403	-50.932865	-51.280141
45.30	-54.588653	-50.214087	-51.621455
45.40	-54.214317	-49.989351	-51.833613
45.50	-53.763720	-48.844807	-51.971864
45.60	-53.512236	-48.313450	-52.064412
45.70	-53.447062	-48.347251	-52.841080
45.80	-53.335271	-49.242187	-53.441598
45.90	-52.700475	-50.462296	-53.977346
46.00	-51.918163	-51.707980	-53.071111
46.10	-50.983273	-52.496322	-52.469616
46.20	-50.648689	-52.750477	-51.922046
46.30	-50.606736	-51.579780	-51.771320
46.40	-50.063023	-50.891474	-51.632205
46.50	-50.144208	-49.644408	-51.487941
46.60	-49.179331	-49.204635	-50.732570
46.70	-48.989649	-48.562035	-50.133160
46.80	-49.753955	-49.093649	-48.996201
46.90	-50.580202	-49.795303	-48.674484
47.00	-51.821604	-50.501929	-48.848941
47.10	-51.448217	-52.056758	-48.991765
47.20	-50.589807	-52.694037	-49.722973
47.30	-49.927388	-53.751017	-49.249058
47.40	-50.153794	-54.165299	-48.297775
47.50	-50.771863	-53.647277	-47.279691
47.60	-51.168321	-51.674772	-47.346848
47.70	-50.574631	-50.268132	-47.014721
47.80	-49.329815	-49.533715	-47.081816
47.90	-49.537875	-50.110218	-48.246758
48.00	-50.140778	-51.234606	-49.685572
48.10	-51.479049	-51.330134	-52.452984
48.20	-53.093594	-51.212509	-54.653560
48.30	-54.059880	-50.680985	-55.525618
48.40	-54.414796	-50.548368	-55.364434
48.50	-54.984998	-51.198189	-54.271067
48.60	-54.747978	-52.027896	-53.719808
48.70	-54.433165	-53.030000	-52.830128
48.80	-53.238492	-53.372726	-52.901405
48.90	-51.406456	-53.328180	-52.402721
49.00	-50.869857	-53.023596	-52.443433
49.10	-50.862966	-53.048219	-51.986046
49.20	-51.823848	-52.404121	-51.814824
49.30	-52.756451	-52.309781	-50.694650
49.40	-52.630284	-51.202948	-50.324685
49.50	-52.676590	-50.812667	-49.676076
49.60	-52.996399	-50.399839	-49.037417
49.70	-53.386667	-50.916534	-47.758228
49.80	-53.636306	-51.085200	-46.249871
49.90	-53.499095	-51.064996	-45.450657
50.00	-52.630351	-50.542190	-44.753353
50.10	-51.943093	-50.455558	-45.247905
50.20	-50.962868	-51.058739	-46.179836
50.30	-50.641683	-51.807297	-47.998545
50.40	-50.386876	-52.209511	-50.286707
50.50	-51.687225	-52.553900	-52.361420
50.60	-52.380067	-52.760927	-54.087408
50.70	-53.301574	-53.190514	-54.885758
50.80	-53.030201	-53.168629	-55.018855
50.90	-53.179668	-53.212694	-54.331411
51.00	-52.519565	-52.860503	-53.976064
51.10	-52.460330	-52.608739	-53.440151
51.20	-52.839517	-51.172990	-53.065328
51.30	-52.584473	-50.545969	-52.930984
51.40	-53.508666	-49.182503	-52.279471
51.50	-53.635970	-48.589263	-51.055040
51.60	-54.092182	-47.457626	-50.578581
51.70	-53.693221	-47.229516	-50.389899
51.80	-53.928860	-46.999379	-51.654342
51.90	-53.940940	-46.960968	-52.849119
52.00	-53.971495	-47.325410	-53.877395
52.10	-53.056936	-47.136481	-53.934267
52.20	-52.071016	-47.302553	-53.252369
52.30	-50.830522	-48.050305	-52.058843
52.40	-50.337784	-47.349332	-51.218734
52.50	-50.248242	-46.843348	-50.529250
52.60	-50.864387	-46.675836	-51.022721
52.70	-51.158967	-46.391381	-51.455898
52.80	-51.946429	-46.811971	-51.190618
52.90	-51.704057	-48.081774	-51.085977
53.00	-51.557169	-49.574187	-50.520043
53.10	-51.229132	-52.071923	-50.930970
53.20	-50.837451	-53.938128	-51.892984
53.30	-51.111347	-55.181343	-52.853035
53.40	-51.970788	-55.600791	-52.864138
53.50	-52.324397	-54.927176	-52.879037
53.60	-52.903234	-54.430766	-52.784621
53.70	-53.545983	-54.052504	-53.177278
53.80	-53.857390	-54.230632	-53.487289
53.90	-54.439140	-54.305038	-52.732685
54.00	-54.678088	-53.499706	-51.490075
54.10	-54.277315	-53.537637	-49.458057
54.20	-52.834857	-53.332471	-49.153905
54.30	-53.009227	-54.117840	-48.691867
54.40	-52.624034	-54.022547	-49.120573
54.50	-53.807617	-53.545552	-49.944496
54.60	-55.092239	-53.338987	-50.843174
54.70	-55.977151	-53.342311	-51.755627
54.80	-56.676573	-53.494435	-51.880324
54.90	-56.799294	-53.819808	-51.287390
55.00	-56.136520	-53.585228	-50.668168
55.10	-54.946679	-53.035126	-50.135239
55.20	-54.263429	-52.704200	-50.554219
55.30	-53.635853	-52.179176	-51.277241
55.40	-54.879228	-52.752213	-51.936667
55.50	-56.110217	-53.647491	-52.749454
55.60	-57.943726	-54.812974	-52.442850
55.70	-59.205445	-55.577902	-52.058365
55.80	-60.002535	-55.858345	-51.860801
55.90	-60.472240	-55.572465	-52.122408
56.00	-60.757854	-55.023817	-53.057913
56.10	-60.966655	-54.321014	-54.419785
56.20	-61.137059	-54.486101	-55.308450
56.30	-61.297633	-55.093125	-56.188438
56.40	-61.450552	-56.207098	-56.982337
56.50	-61.595696	-57.147604	-57.692999
56.60	-61.717790	-57.769400	-58.409081
56.70	-61.835062	-58.159909	-58.935325
56.80	-61.946046	-58.440545	-59.289417
56.90	-62.049759	-58.670310	-59.530364
57.00	-62.131471	-58.869296	-59.725027
57.10	-62.209315	-59.039681	-59.899839
57.20	-62.282027	-59.169793	-60.015090
57.30	-62.348938	-59.207159	-60.076053
57.40	-62.409687	-59.033078	-59.966909
57.50	-62.448924	-58.783797	-59.682586
57.60	-62.486624	-58.952416	-59.875521
57.70	-62.521669	-59.284874	-60.171622
57.80	-62.553366	-60.014677	-60.975911
57.90	-62.566326	-60.558519	-61.550605
58.00	-62.579946	-60.940544	-61.963121
58.10	-62.592918	-61.196531	-62.240173
58.20	-62.589509	-61.369697	-62.438694
58.30	-62.588574	-61.507743	-62.591856
58.40	-62.588611	-61.624441	-62.715754
58.50	-62.588613	-61.711606	-62.818622
58.60	-62.557162	-61.777006	-62.889847
58.70	-62.504917	-61.811388	-62.952233
58.80	-62.436774	-61.820466	-63.006445
58.90	-62.283047	-61.842576	-63.053012
59.00	-62.108317	-61.872564	-63.077451
59.10	-61.986062	-61.891987	-63.099796
59.20	-61.899160	-61.887046	-63.119240
59.30	-61.821010	-61.894875	-63.135328
59.40	-61.763862	-61.910749	-63.147835
59.50	-61.676326	-61.915943	-63.156787
59.60	-61.613195	-61.928241	-63.162193
59.70	-61.567557	-61.944677	-63.164142
59.80	-61.534550	-61.933816	-63.147226
59.90	-61.510712	-61.932258	-63.101414
60.00	-61.493638	-61.936527	-63.050600
60.10	-61.467351	-61.944247	-63.011365
60.20	-61.448924	-61.938116	-62.964743
60.30	-61.421214	-61.937603	-62.928141
60.40	-61.402635	-61.925124	-62.898367
60.50	-61.345004	-61.905150	-62.873150
60.60	-61.292753	-61.863210	-62.850865
60.70	-61.228892	-61.835899	-62.830346
60.80	-61.187260	-61.818794	-62.795521
60.90	-61.162138	-61.778577	-62.765714
61.00	-61.134510	-61.737493	-62.693627
61.10	-61.105919	-61.673066	-62.637714
61.20	-61.091962	-61.600899	-62.562954
61.30	-61.088532	-61.552664	-62.505737
61.40	-61.077832	-61.521151	-62.461116
61.50	-61.076738	-61.486205	-62.425524
61.60	-61.082379	-61.464149	-62.381695
61.70	-61.092638	-61.436068	-62.346661
61.80	-61.091443	-61.404179	-62.317860
61.90	-61.081559	-61.384691	-62.278665
62.00	-61.035203	-61.359353	-62.216958
62.10	-60.992611	-61.314840	-62.154825
62.20	-60.967614	-61.286802	-62.092291
62.30	-60.940522	-61.256030	-62.029913
62.40	-60.926762	-61.207545	-61.907528
62.50	-60.908200	-61.176574	-61.818953
62.60	-60.886101	-61.158233	-61.740479
62.70	-60.860808	-61.149014	-61.669901
62.80	-60.834220	-61.146343	-61.589513
62.90	-60.792703	-61.133819	-61.503432
63.00	-60.753959	-61.113683	-61.443580
63.10	-60.703731	-61.058390	-61.402849
63.20	-60.644447	-61.007928	-61.347159
63.30	-60.577142	-60.961346	-61.279820
63.40	-60.506409	-60.932665	-61.234851
63.50	-60.445545	-60.916995	-61.191705
63.60	-60.406844	-60.895618	-61.150368
63.70	-60.369485	-60.840974	-61.066586
63.80	-60.348405	-60.807349	-60.980694
63.90	-60.324962	-60.788817	-60.878425
64.00	-60.285277	-60.737139	-60.795748
64.10	-60.233683	-60.676266	-60.743028
64.20	-60.131136	-60.608976	-60.712406
64.30	-60.066143	-60.507987	-60.638252
64.40	-60.015714	-60.413824	-60.578802
64.50	-59.916009	-60.310837	-60.516159
64.60	-59.851181	-60.231442	-60.452050
64.70	-59.780857	-60.140904	-60.416772
64.80	-59.694114	-60.057495	-60.402253
64.90	-59.594154	-60.007512	-60.388931
65.00	-59.503345	-59.966907	-60.390062
65.10	-59.415731	-59.948715	-60.343921
65.20	-59.319759	-59.917530	-60.292073
65.30	-59.223748	-59.865170	-60.251152
65.40	-59.082450	-59.796726	-60.233178
65.50	-58.897402	-59.731422	-60.203087
65.60	-58.522608	-59.667188	-60.193502
65.70	-57.955700	-59.618463	-60.198701
65.80	-57.934150	-59.581436	-60.214604
65.90	-58.079689	-59.567797	-60.238311
66.00	-58.704251	-59.571512	-60.253421
66.10	-59.169712	-59.573979	-60.276137
66.20	-59.468756	-59.560505	-60.304169
66.30	-59.626899	-59.550929	-60.335781
66.40	-59.728657	-59.559618	-60.311659
66.50	-59.760962	-59.581798	-60.275533
66.60	-59.780593	-59.599478	-60.246728
66.70	-59.749741	-59.613834	-60.221921
66.80	-59.713667	-59.583073	-60.215151
66.90	-59.703164	-59.563214	-60.192004
67.00	-59.711274	-59.537359	-60.171964
67.10	-59.719244	-59.521235	-60.139583
67.20	-59.726987	-59.497023	-60.113425
67.30	-59.733182	-59.453144	-60.107085
67.40	-59.708939	-59.425367	-60.115107
67.50	-59.707237	-59.408214	-60.118460
67.60	-59.679574	-59.385804	-60.119199
67.70	-59.675192	-59.359559	-60.117676
67.80	-59.659513	-59.343781	-60.085858
67.90	-59.663225	-59.307428	-60.046672
68.00	-59.680879	-59.241489	-60.031227
68.10	-59.708631	-59.198705	-60.032784
68.20	-59.728088	-59.186902	-60.046508
68.30	-59.730126	-59.183398	-60.059754
68.40	-59.732158	-59.186709	-60.042995
68.50	-59.733983	-59.179480	-60.003688
68.60	-59.720766	-59.194615	-59.920843
68.70	-59.682100	-59.153619	-59.878133
68.80	-59.626174	-59.102426	-59.821918
68.90	-59.587205	-59.071378	-59.769132
69.00	-59.561461	-58.996192	-59.748111
69.10	-59.530533	-58.962704	-59.722019
69.20	-59.453736	-58.959289	-59.676243
69.30	-59.386677	-58.977976	-59.616966
69.40	-59.341354	-58.984658	-59.590191
69.50	-59.326186	-58.996785	-59.515602
69.60	-59.333039	-59.026952	-59.448358
69.70	-59.356017	-59.027780	-59.415486
69.80	-59.363129	-59.036082	-59.407714
69.90	-59.314133	-59.048931	-59.405407
70.00	-59.295973	-59.050922	-59.419267
70.10	-59.300448	-59.044763	-59.431846
70.20	-59.264423	-59.033374	-59.439600
70.30	-59.227711	-58.973763	-59.443199
70.40	-59.205014	-58.877318	-59.457826
70.50	-59.191861	-58.799395	-59.449997
70.60	-59.171302	-58.749985	-59.454814
70.70	-59.160890	-58.721451	-59.438437
70.80	-59.144697	-58.650705	-59.419747
70.90	-59.095977	-58.608863	-59.396928
71.00	-59.065834	-58.587408	-59.339217
71.10	-59.063872	-58.595176	-59.293418
71.20	-59.053477	-58.624526	-59.186638
71.30	-59.051741	-58.669988	-59.055505
71.40	-59.071215	-58.697852	-58.825002
71.50	-59.106120	-58.742972	-58.320628
71.60	-59.123369	-58.800547	-58.063862
71.70	-59.084437	-58.838421	-57.992900
71.80	-59.049348	-58.847401	-58.506134
71.90	-59.030328	-58.849531	-59.030904
72.00	-59.037457	-58.860649	-59.325045
72.10	-59.020412	-58.892615	-59.462955
72.20	-59.014191	-58.910816	-59.523430
72.30	-58.988941	-58.933066	-59.552456
72.40	-58.962885	-58.957613	-59.539868
72.50	-58.934808	-58.997758	-59.515616
72.60	-58.920081	-59.034682	-59.512613
72.70	-58.914081	-59.068779	-59.496996
72.80	-58.900230	-59.100935	-59.471416
72.90	-58.895508	-59.130933	-59.426263
73.00	-58.857456	-59.103152	-59.410883
73.10	-58.848964	-59.061285	-59.417425
73.20	-58.832144	-59.037497	-59.410885
73.30	-58.767601	-59.040582	-59.395591
73.40	-58.710848	-59.049090	-59.389377
73.50	-58.673257	-59.075428	-59.390113
73.60	-58.663870	-59.100709	-59.395540
73.70	-58.675358	-59.096246	-59.403862
73.80	-58.702322	-59.113391	-59.400297
73.90	-58.682565	-59.131681	-59.402612
74.00	-58.674217	-59.165261	-59.393974
74.10	-58.645074	-59.195938	-59.392259
74.20	-58.616003	-59.194072	-59.381201
74.30	-58.611475	-59.168935	-59.333697
74.40	-58.609594	-59.156893	-59.303694
74.50	-58.608014	-59.153955	-59.272700
74.60	-58.560921	-59.143244	-59.227596
74.70	-58.508653	-59.155591	-59.156104
74.80	-58.434793	-59.126866	-59.110060
74.90	-58.368575	-59.097307	-59.069531
75.00	-58.296883	-59.096641	-58.990504
75.10	-58.154754	-59.116685	-58.911774
75.20	-57.932948	-59.107920	-58.874092
75.30	-57.485786	-59.108261	-58.851670
75.40	-57.246297	-59.085278	-58.841112
75.50	-57.222834	-59.060300	-58.838863
75.60	-57.701676	-59.032786	-58.840206
75.70	-58.222378	-59.032621	-58.858715
75.80	-58.601924	-59.024446	-58.862124
75.90	-58.792701	-59.010090	-58.881069
76.00	-58.884152	-59.019761	-58.882645
76.10	-58.940342	-59.046901	-58.900339
76.20	-58.950653	-59.058690	-58.916184
76.30	-58.935391	-59.087842	-58.915808
76.40	-58.846590	-59.101142	-58.918646
76.50	-58.747232	-59.131209	-58.924742
76.60	-58.667567	-59.173050	-58.891352
76.70	-58.600405	-59.208398	-58.886726
76.80	-58.542313	-59.253794	-58.890985
76.90	-58.492205	-59.262884	-58.887410
77.00	-58.474907	-59.259945	-58.901777
77.10	-58.466870	-59.263330	-58.914123
77.20	-58.438471	-59.242053	-58.939874
77.30	-58.406460	-59.231174	-58.975242
77.40	-58.356171	-59.212579	-59.017601
77.50	-58.264555	-59.202508	-59.023588
77.60	-58.172700	-59.184954	-58.970520
77.70	-58.065799	-59.191019	-58.888402
77.80	-57.991006	-59.200218	-58.827367
77.90	-57.876504	-59.139167	-58.748553
78.00	-57.780446	-59.072463	-58.699460
78.10	-57.704043	-59.043335	-58.654293
78.20	-57.623651	-58.971690	-58.578448
78.30	-57.548397	-58.894217	-58.486106
78.40	-57.453418	-58.825693	-58.361916
78.50	-57.313498	-58.748051	-58.195928
78.60	-57.116919	-58.691317	-57.857806
78.70	-56.807162	-58.664577	-57.500530
78.80	-56.147986	-58.645844	-57.485242
78.90	-55.256717	-58.619637	-57.830957
79.00	-55.251691	-58.617323	-58.345658
79.10	-55.672996	-58.575281	-58.702383
79.20	-56.858950	-58.549330	-58.930186
79.30	-57.618448	-58.536043	-59.064730
79.40	-58.061190	-58.533125	-59.119342
79.50	-58.255643	-58.538742	-59.154952
79.60	-58.331812	-58.523922	-59.167455
79.70	-58.374644	-58.536636	-59.179698
79.80	-58.331678	-58.554559	-59.177103
79.90	-58.294270	-58.577059	-59.194076
80.00	-58.235823	-58.557679	-59.196750
80.10	-58.083289	-58.550369	-59.218464
80.20	-57.800449	-58.561943	-59.197398
80.30	-57.192722	-58.586052	-59.187341
80.40	-57.184336	-58.618496	-59.200109
80.50	-57.178713	-58.656053	-59.215420
80.60	-57.840603	-58.696316	-59.218726
80.70	-58.288307	-58.710761	-59.240581
80.80	-58.567961	-58.669000	-59.261366
80.90	-58.693376	-58.624481	-59.281644
81.00	-58.742254	-58.581917	-59.271976
81.10	-58.731596	-58.488986	-59.284233
81.20	-58.718999	-58.317618	-59.297995
81.30	-58.677050	-57.843993	-59.327270
81.40	-58.606694	-57.537781	-59.353432
81.50	-58.548914	-57.517446	-59.377375
81.60	-58.463729	-57.987659	-59.398849
81.70	-58.333323	-58.501322	-59.417848
81.80	-57.990335	-58.794432	-59.435827
81.90	-57.383184	-58.959922	-59.423236
82.00	-57.270654	-59.043914	-59.375298
82.10	-57.197491	-59.104423	-59.287429
82.20	-57.419030	-59.101177	-59.213026
82.30	-57.311621	-59.101820	-59.161955
82.40	-57.577105	-59.061754	-59.115192
82.50	-57.887720	-58.980865	-59.027779
82.60	-58.541847	-58.882914	-58.978993
82.70	-59.051924	-58.801726	-58.942482
82.80	-59.368995	-58.761630	-58.901358
82.90	-59.510058	-58.725796	-58.842127
83.00	-59.583128	-58.678205	-58.785302
83.10	-59.583005	-58.604429	-58.757623
83.20	-59.581590	-58.541212	-58.750519
83.30	-59.538825	-58.516296	-58.758009
83.40	-59.510782	-58.433901	-58.761816
83.50	-59.508604	-58.383172	-58.748370
83.60	-59.454773	-58.368274	-58.713344
83.70	-59.361096	-58.364855	-58.668871
83.80	-59.286092	-58.370714	-58.603358
83.90	-59.210115	-58.398821	-58.478382
84.00	-59.160693	-58.443694	-58.220282
84.10	-59.144264	-58.472725	-57.635901
84.20	-59.094834	-58.489883	-57.643063
84.30	-59.038042	-58.500359	-57.651379
84.40	-58.990761	-58.507525	-58.242750
84.50	-58.932449	-58.509880	-58.680210
84.60	-58.865252	-58.493948	-58.916325
84.70	-58.725423	-58.493448	-59.008690
84.80	-58.599313	-58.488312	-59.034120
84.90	-58.471362	-58.466339	-59.013224
85.00	-58.398272	-58.447919	-58.966305
85.10	-58.336340	-58.388760	-58.907104
85.20	-58.254114	-58.358604	-58.867364
85.30	-58.158525	-58.334175	-58.856957
85.40	-58.068764	-58.328660	-58.840366
85.50	-57.996610	-58.322342	-58.833870
85.60	-57.924313	-58.286310	-58.822087
85.70	-57.865136	-58.216401	-58.748815
85.80	-57.814150	-58.150501	-58.676811
85.90	-57.757173	-58.072563	-58.590783
86.00	-57.705673	-57.999064	-58.509081
86.10	-57.669743	-57.902662	-58.429960
86.20	-57.655979	-57.843595	-58.395266
86.30	-57.639917	-57.825333	-58.377654
86.40	-57.611009	-57.836454	-58.318623
86.50	-57.524971	-57.868338	-58.244119
86.60	-57.332176	-57.899461	-58.214915
86.70	-56.910443	-57.943517	-58.175773
86.80	-56.519627	-57.966553	-58.173637
86.90	-56.486660	-57.997841	-58.198735
87.00	-56.825698	-57.986109	-58.215375
87.10	-57.350441	-57.944450	-58.214375
87.20	-57.745621	-57.839365	-58.240520
87.30	-57.968357	-57.600544	-58.243395
87.40	-58.099690	-57.018250	-58.200434
87.50	-58.163042	-56.867337	-58.168975
87.60	-58.197315	-56.823488	-58.156559
87.70	-58.193421	-57.383460	-58.157574
87.80	-58.178218	-57.900185	-58.141750
87.90	-58.082769	-58.209148	-58.125068
88.00	-57.875077	-58.343106	-58.080662
88.10	-57.266827	-58.399115	-58.016904
88.20	-57.271002	-58.390782	-57.979647
88.30	-57.290496	-58.359490	-57.947995
88.40	-57.926335	-58.344308	-57.949442
88.50	-58.443919	-58.301442	-57.916942
88.60	-58.774319	-58.240509	-57.904792
88.70	-58.953027	-58.199111	-57.880285
88.80	-59.026445	-58.172161	-57.858706
88.90	-59.072400	-58.126425	-57.783185
89.00	-59.093640	-58.109784	-57.712667
89.10	-59.113741	-58.087042	-57.659572
89.20	-59.120607	-58.045390	-57.620290
89.30	-59.133552	-57.931880	-57.579742
89.40	-59.107955	-57.848226	-57.564656
89.50	-59.097436	-57.799562	-57.568039
89.60	-59.040187	-57.765127	-57.569966
89.70	-58.978166	-57.752964	-57.600966
89.80	-58.898000	-57.756278	-57.611621
89.90	-58.834466	-57.770170	-57.638554
90.00	-58.781941	-57.791728	-57.687041
90.10	-58.737011	-57.817315	-57.693608
90.20	-58.698504	-57.833575	-57.727017
90.30	-58.679509	-57.827966	-57.764926
90.40	-58.688958	-57.824257	-57.792442
90.50	-58.676475	-57.828301	-57.826085
90.60	-58.691006	-57.784415	-57.849149
90.70	-58.709950	-57.724540	-57.878838
90.80	-58.747953	-57.563232	-57.899065
90.90	-58.731328	-57.119201	-57.927035
91.00	-58.740717	-56.874442	-57.974313
91.10	-58.752682	-56.896149	-57.992669
91.20	-58.781119	-57.396488	-58.003835
91.30	-58.791595	-57.950450	-57.981485
91.40	-58.752361	-58.337863	-57.962087
91.50	-58.713689	-58.511652	-57.971065
91.60	-58.661469	-58.618341	-57.986545
91.70	-58.610784	-58.672663	-57.976968
91.80	-58.545944	-58.655399	-57.891208
91.90	-58.497973	-58.650071	-57.809145
92.00	-58.401366	-58.654574	-57.742555
92.10	-58.309136	-58.681644	-57.715676
92.20	-58.184363	-58.682472	-57.702602
92.30	-58.068694	-58.666309	-57.698779
92.40	-57.921933	-58.680126	-57.699878
92.50	-57.662465	-58.715809	-57.701618
92.60	-57.178069	-58.752533	-57.640336
92.70	-56.854578	-58.761702	-57.569423
92.80	-56.789094	-58.752675	-57.504550
92.90	-57.195277	-58.757663	-57.416513
93.00	-57.614551	-58.714358	-57.250951
93.10	-57.882556	-58.680182	-57.012635
93.20	-58.021409	-58.623280	-56.931849
93.30	-58.100241	-58.551066	-57.111563
93.40	-58.139941	-58.467473	-57.452946
93.50	-58.176055	-58.431232	-57.720685
93.60	-58.170198	-58.400821	-57.918673
93.70	-58.151696	-58.376555	-58.041357
93.80	-58.166102	-58.384244	-58.127543
93.90	-58.148200	-58.415643	-58.199181
94.00	-58.148732	-58.422509	-58.261105
94.10	-58.162318	-58.424252	-58.274628
94.20	-58.184457	-58.437994	-58.283120
94.30	-58.228621	-58.461602	-58.288597
94.40	-58.219930	-58.492102	-58.292974
94.50	-58.214419	-58.513357	-58.283605
# IV Measures at spl 30
# RMP 	-57.5	0 
# IVshift	22.9
# IVOnset	0	0.953526
# IVAdaptation	0	0.195147
# IVOffset	2.04	3.77998
# IV Measures RMS error 	0.869989
#PSTH: Time	 Rate (sp/s)
# 0	0.000000
# 1	208.000000
# 2	280.000000
# 3	260.000000
# 4	280.000000
# 5	244.000000
# 6	136.000000
# 7	4.000000
# 8	12.000000
# 9	20.000000
# 10	4.000000
# 11	0.000000
# 12	0.000000
#CV: Time	 CV ()		 ISI mean (ms)		 ISI sd (ms) 
# 0	0.202530	3.434615	0.695612
# 1	0.203175	3.584286	0.728237
# 2	0.182204	3.652308	0.665467
# 3	0.184268	3.740580	0.689270
# 4	0.248147	3.935849	0.976669
#CV: Time	 CV reference		 CV test ()	 Weighting 
# 0	0.202530	0.108000	100.000000
# 1	0.203175	0.157000	100.000000
# 2	0.182204	0.157000	100.000000
# 3	0.184268	0.157000	100.000000
# CV Measures RMS error 	0.869989
#   FSL Mean 5.028, Std Dev 0.872983 
# Checked trials 	25
# Checked trials penalty	0.869989
# Sustained rate 	48
# Post stimulus rate penalty 	0.869989
#   CV Penalty = 10
		# IV Measures at spl 40
# RMP 	-45.1053	0 
# IVshift	22.3
# IVOnset	1.0125	1.04172
# IVAdaptation	1.67251	0.940991
# IVOffset	1.15789	4.32047
# IV Measures RMS error 	1.62311
#PSTH: Time	 Rate (sp/s)
# 0	0.000000
# 1	212.000000
# 2	308.000000
# 3	308.000000
# 4	276.000000
# 5	292.000000
# 6	152.000000
# 7	0.000000
# 8	0.000000
# 9	8.000000
# 10	4.000000
# 11	0.000000
# 12	0.000000
#CV: Time	 CV ()		 ISI mean (ms)		 ISI sd (ms) 
# 0	0.175353	3.267925	0.573040
# 1	0.198676	3.328000	0.661195
# 2	0.235378	3.367949	0.792742
# 3	0.198208	3.455072	0.684822
# 4	0.222346	3.484848	0.774843
#CV: Time	 CV reference		 CV test ()	 Weighting 
# 0	0.175353	0.154300	600.000000
# 1	0.198676	0.168400	600.000000
# 2	0.235378	0.179300	600.000000
# 3	0.198208	0.187100	600.000000
# CV Measures RMS error 	1.62311
#   FSL Mean 4.6, Std Dev 0.7 
# Checked trials 	25
# Checked trials penalty	1.62311
# Sustained rate 	53.44
# Post stimulus rate penalty 	1.62311
#   CV Penalty = 0
		# IV Measures at spl 50
# RMP 	-60.18	0 
# IVshift	22
# IVOnset	0	1.03977
# IVAdaptation	0	1.59504
# IVOffset	2.57	5.30006
# IV Measures RMS error 	1.36503
#PSTH: Time	 Rate (sp/s)
# 0	0.000000
# 1	244.000000
# 2	352.000000
# 3	316.000000
# 4	328.000000
# 5	284.000000
# 6	172.000000
# 7	0.000000
# 8	8.000000
# 9	4.000000
# 10	4.000000
# 11	0.000000
# 12	0.000000
#CV: Time	 CV ()		 ISI mean (ms)		 ISI sd (ms) 
# 0	0.198455	2.908197	0.577147
# 1	0.195873	2.931818	0.574265
# 2	0.257572	3.249367	0.836947
# 3	0.227580	3.222222	0.733314
# 4	0.282036	3.330159	0.939223
#CV: Time	 CV reference		 CV test ()	 Weighting 
# 0	0.198455	0.120000	100.000000
# 1	0.195873	0.138000	100.000000
# 2	0.257572	0.200000	100.000000
# 3	0.227580	0.189000	100.000000
# CV Measures RMS error 	1.36503
#   FSL Mean 4.048, Std Dev 1.07437 
# Checked trials 	25
# Checked trials penalty	1.36503
# Sustained rate 	58.08
# Sustained rate penalty 	1.36503
# Post stimulus rate penalty 	1.36503
#   CV Penalty = 0
		#  Input Resistance = 160.603
#  Input Resistance Penalty = 0
#  tonefreq = 9100
# bandwidth
#	0.0000	0.0000	0.0000	0.0000
#	3.0000	0.0000	6.0000	0.0000
#	9.0000	13.9873	0.0000	5.0000
#	3.0000	0.0000	2.0000	0.0000
#	0.0000	0.0000	40.0000	0.0000
#	0.0000	0.0000	40.0000	5.0000
# num. connections
#	0	0	0	0
#	20	0	6	0
#	20	17	0	0
#	20	0	5	0
#	30	10	125	0
#	30	15	84	25
# weights
#	0	0	0	0
#	1.1606e-05	0	0.0005	0
#	0.000834633	0.0017	0	0
#	3.3936e-05	0	0.000531549	0
#	0.00067581	0.00478703	0.000167221	0.0487
#	0.00171777	0.00472638	0.01103	0.5166
# delay
#	0.4000	0.0000	0.4000	0.0000
#	0.4000	0.0000	1.0000	0.0000
#	0.4000	1.0000	0.0000	0.0000
#	0.0000	0.0000	0.4000	0.0000
#	0.0000	0.5000	0.0000	2.5000
#	0.0000	0.5000	0.0000	1.0000
# offset  2.1
# golgi_spatial_filter_variance_LSR	 2.4837
# golgi_syn_filter_scale_factor 1
# golgi_spon 3.7271
# ds_gaba_decay			 5.43235
# ds_gaba_rise			 0.261939
# ds_erev  -70
# ds_gkltbar	 0.0163897
# ds_gkhtbar	 0.030623
# ds_gleak  2.74146e-05
# ds_gnabar  0.153115
# tv_gleak  0.0004987
# tv_erev  -65.894
# ts_gkhtbar  0.0189416
# ts_gnabar  0.23677
# ts_gkabar  0.02039
# ts_ghbar  6.20392e-05
# ts_gleak  0.000473539
# ts_erev  -60.9
# ts_dend_g  0.001
# ts_dend_e  -65
# ts_jitter_sd  0.2
