#label:v(.5)
#1101
0	-65
0.1	-64.9767
0.2	-64.9546
0.3	-64.9336
0.4	-64.9136
0.5	-64.8947
0.6	-64.8768
0.7	-64.8599
0.8	-64.8438
0.9	-64.8285
1	-64.814
1.1	-64.8003
1.2	-64.7873
1.3	-64.775
1.4	-64.7634
1.5	-64.7524
1.6	-64.7419
1.7	-64.732
1.8	-64.7227
1.9	-64.7138
2	-64.7055
2.1	-64.6975
2.2	-64.69
2.3	-64.6829
2.4	-64.6762
2.5	-64.6699
2.6	-64.6639
2.7	-64.6582
2.8	-64.6528
2.9	-64.6477
3	-64.6429
3.1	-64.6384
3.2	-64.6341
3.3	-64.63
3.4	-64.6262
3.5	-64.6226
3.6	-64.6191
3.7	-64.6159
3.8	-64.6128
3.9	-64.6099
4	-64.6072
4.1	-64.6046
4.2	-64.6021
4.3	-64.5998
4.4	-64.5976
4.5	-64.5956
4.6	-64.5936
4.7	-64.5918
4.8	-64.59
4.9	-64.5884
5	-64.5868
5.1	-64.5853
5.2	-64.5839
5.3	-64.5826
5.4	-64.5814
5.5	-64.5802
5.6	-64.5791
5.7	-64.578
5.8	-64.577
5.9	-64.5761
6	-64.5752
6.1	-64.5743
6.2	-64.5735
6.3	-64.5728
6.4	-64.5721
6.5	-64.5714
6.6	-64.5708
6.7	-64.5702
6.8	-64.5696
6.9	-64.569
7	-64.5685
7.1	-64.568
7.2	-64.5676
7.3	-64.5671
7.4	-64.5667
7.5	-64.5663
7.6	-64.566
7.7	-64.5656
7.8	-64.5653
7.9	-64.565
8	-64.5647
8.1	-64.5644
8.2	-64.5641
8.3	-64.5639
8.4	-64.5636
8.5	-64.5634
8.6	-64.5632
8.7	-64.563
8.8	-64.5628
8.9	-64.5626
9	-64.5624
9.1	-64.5623
9.2	-64.5621
9.3	-64.562
9.4	-64.5618
9.5	-64.5617
9.6	-64.5616
9.7	-64.5614
9.8	-64.5613
9.9	-64.5612
10	-64.5611
10.1	-64.561
10.2	-64.5609
10.3	-64.5608
10.4	-64.5608
10.5	-64.5607
10.6	-64.5606
10.7	-64.5605
10.8	-64.5604
10.9	-64.5604
11	-64.5603
11.1	-64.5603
11.2	-64.5602
11.3	-64.5602
11.4	-64.5601
11.5	-64.56
11.6	-64.56
11.7	-64.56
11.8	-64.5599
11.9	-64.5599
12	-64.5598
12.1	-64.5598
12.2	-64.5598
12.3	-64.5597
12.4	-64.5597
12.5	-64.5597
12.6	-64.5596
12.7	-64.5596
12.8	-64.5596
12.9	-64.5596
13	-64.5595
13.1	-64.5595
13.2	-64.5595
13.3	-64.5595
13.4	-64.5594
13.5	-64.5594
13.6	-64.5594
13.7	-64.5594
13.8	-64.5594
13.9	-64.5594
14	-64.5593
14.1	-64.5593
14.2	-64.5593
14.3	-64.5593
14.4	-64.5593
14.5	-64.5593
14.6	-64.5593
14.7	-64.5593
14.8	-64.5592
14.9	-64.5592
15	-64.5592
15.1	-64.5592
15.2	-64.5592
15.3	-64.5592
15.4	-64.5592
15.5	-64.5592
15.6	-64.5592
15.7	-64.5592
15.8	-64.5592
15.9	-64.5592
16	-64.5592
16.1	-64.5592
16.2	-64.5592
16.3	-64.5592
16.4	-64.5592
16.5	-64.5592
16.6	-64.5592
16.7	-64.5592
16.8	-64.5592
16.9	-64.5592
17	-64.5592
17.1	-64.5592
17.2	-64.5592
17.3	-64.5592
17.4	-64.5592
17.5	-64.5592
17.6	-64.5592
17.7	-64.5592
17.8	-64.5592
17.9	-64.5592
18	-64.5592
18.1	-64.5592
18.2	-64.5592
18.3	-64.5592
18.4	-64.5592
18.5	-64.5592
18.6	-64.5592
18.7	-64.5592
18.8	-64.5592
18.9	-64.5592
19	-64.5592
19.1	-64.5592
19.2	-64.5592
19.3	-64.5592
19.4	-64.5592
19.5	-64.5592
19.6	-64.5592
19.7	-64.5592
19.8	-64.5592
19.9	-64.5592
20	-64.6312
20.1	-64.7512
20.2	-64.9003
20.3	-65.0646
20.4	-65.2336
20.5	-65.4003
20.6	-65.5598
20.7	-65.7091
20.8	-65.8465
20.9	-65.9711
21	-66.0827
21.1	-66.1816
21.2	-66.2683
21.3	-66.3433
21.4	-66.4076
21.5	-66.4619
21.6	-66.5069
21.7	-66.5435
21.8	-66.5724
21.9	-66.5943
22	-66.6098
22.1	-66.6197
22.2	-66.6243
22.3	-66.6243
22.4	-66.6202
22.5	-66.6123
22.6	-66.601
22.7	-66.5867
22.8	-66.5698
22.9	-66.5505
23	-66.5291
23.1	-66.5059
23.2	-66.481
23.3	-66.4547
23.4	-66.4272
23.5	-66.3986
23.6	-66.3691
23.7	-66.3388
23.8	-66.3391
23.9	-66.4829
24	-66.714
24.1	-66.9879
24.2	-67.2731
24.3	-67.5489
24.4	-67.8034
24.5	-68.0302
24.6	-68.2273
24.7	-68.3949
24.8	-68.5348
24.9	-68.6492
25	-68.7409
25.1	-68.8125
25.2	-68.8664
25.3	-68.9051
25.4	-68.9304
25.5	-68.9442
25.6	-68.948
25.7	-68.9433
25.8	-68.9311
25.9	-68.9124
26	-68.8882
26.1	-68.8592
26.2	-68.826
26.3	-68.7891
26.4	-68.7491
26.5	-68.7063
26.6	-68.6611
26.7	-68.6139
26.8	-68.5648
26.9	-68.5142
27	-68.4622
27.1	-68.409
27.2	-68.3549
27.3	-68.2999
27.4	-68.2441
27.5	-68.1878
27.6	-68.131
27.7	-68.0738
27.8	-68.0162
27.9	-67.9585
28	-67.9006
28.1	-67.8426
28.2	-67.7846
28.3	-67.7267
28.4	-67.6688
28.5	-67.6111
28.6	-67.5536
28.7	-67.4963
28.8	-67.4392
28.9	-67.3826
29	-67.3262
29.1	-67.2703
29.2	-67.2148
29.3	-67.1597
29.4	-67.1051
29.5	-67.0511
29.6	-66.9975
29.7	-66.9445
29.8	-66.892
29.9	-66.8402
30	-66.7889
30.1	-66.7383
30.2	-66.6883
30.3	-66.639
30.4	-66.5904
30.5	-66.5424
30.6	-66.4952
30.7	-66.4486
30.8	-66.4028
30.9	-66.3577
31	-66.3133
31.1	-66.2696
31.2	-66.2267
31.3	-66.1845
31.4	-66.143
31.5	-66.1023
31.6	-66.0623
31.7	-66.023
31.8	-65.9846
31.9	-65.9468
32	-65.9098
32.1	-65.8735
32.2	-65.838
32.3	-65.8032
32.4	-65.7691
32.5	-65.7358
32.6	-65.7032
32.7	-65.6713
32.8	-65.6401
32.9	-65.6097
33	-65.5799
33.1	-65.5507
33.2	-65.5223
33.3	-65.4945
33.4	-65.4674
33.5	-65.4409
33.6	-65.415
33.7	-65.3898
33.8	-65.3652
33.9	-65.3413
34	-65.3179
34.1	-65.2951
34.2	-65.2729
34.3	-65.2513
34.4	-65.2302
34.5	-65.2097
34.6	-65.1898
34.7	-65.1704
34.8	-65.1515
34.9	-65.1331
35	-65.1152
35.1	-65.0979
35.2	-65.081
35.3	-65.0646
35.4	-65.0486
35.5	-65.0331
35.6	-65.0181
35.7	-65.0034
35.8	-64.9892
35.9	-64.9754
36	-64.9621
36.1	-64.9491
36.2	-64.9365
36.3	-64.9242
36.4	-64.9124
36.5	-64.9009
36.6	-64.8897
36.7	-64.8789
36.8	-64.8684
36.9	-64.8583
37	-64.8484
37.1	-64.8388
37.2	-64.8296
37.3	-64.8206
37.4	-64.8118
37.5	-64.8034
37.6	-64.7952
37.7	-64.7873
37.8	-64.7796
37.9	-64.7722
38	-64.765
38.1	-64.758
38.2	-64.7513
38.3	-64.7447
38.4	-64.7384
38.5	-64.7323
38.6	-64.7264
38.7	-64.7206
38.8	-64.7151
38.9	-64.7097
39	-64.7045
39.1	-64.6995
39.2	-64.6946
39.3	-64.6899
39.4	-64.6854
39.5	-64.681
39.6	-64.6767
39.7	-64.6726
39.8	-64.6686
39.9	-64.6648
40	-64.6611
40.1	-64.6575
40.2	-64.654
40.3	-64.6507
40.4	-64.6474
40.5	-64.6443
40.6	-64.6412
40.7	-64.6383
40.8	-64.6355
40.9	-64.6327
41	-64.6301
41.1	-64.6275
41.2	-64.6251
41.3	-64.6227
41.4	-64.6204
41.5	-64.6182
41.6	-64.616
41.7	-64.6139
41.8	-64.6119
41.9	-64.61
42	-64.6081
42.1	-64.6063
42.2	-64.6045
42.3	-64.6029
42.4	-64.6012
42.5	-64.5996
42.6	-64.5981
42.7	-64.5966
42.8	-64.5952
42.9	-64.5938
43	-64.5925
43.1	-64.5912
43.2	-64.59
43.3	-64.5888
43.4	-64.5876
43.5	-64.5865
43.6	-64.5854
43.7	-64.5844
43.8	-64.5834
43.9	-64.5824
44	-64.5815
44.1	-64.5806
44.2	-64.5797
44.3	-64.5788
44.4	-64.578
44.5	-64.5772
44.6	-64.5765
44.7	-64.5757
44.8	-64.575
44.9	-64.5743
45	-64.5737
45.1	-64.573
45.2	-64.5724
45.3	-64.5718
45.4	-64.5712
45.5	-64.5706
45.6	-64.5701
45.7	-64.5696
45.8	-64.5691
45.9	-64.5686
46	-64.5681
46.1	-64.5676
46.2	-64.5672
46.3	-64.5668
46.4	-64.5663
46.5	-64.5659
46.6	-64.5655
46.7	-64.5652
46.8	-64.5648
46.9	-64.5645
47	-64.5641
47.1	-64.5638
47.2	-64.5635
47.3	-64.5631
47.4	-64.5629
47.5	-64.5626
47.6	-64.5623
47.7	-64.562
47.8	-64.5617
47.9	-64.5615
48	-64.5612
48.1	-64.561
48.2	-64.5608
48.3	-64.5606
48.4	-64.5603
48.5	-64.5601
48.6	-64.5599
48.7	-64.5597
48.8	-64.5595
48.9	-64.5593
49	-64.5592
49.1	-64.559
49.2	-64.5588
49.3	-64.5587
49.4	-64.5585
49.5	-64.5584
49.6	-64.5582
49.7	-64.5581
49.8	-64.5579
49.9	-64.5578
50	-64.5577
50.1	-64.5575
50.2	-64.5574
50.3	-64.5573
50.4	-64.5572
50.5	-64.5571
50.6	-64.557
50.7	-64.5568
50.8	-64.5567
50.9	-64.5566
51	-64.5565
51.1	-64.5565
51.2	-64.5564
51.3	-64.5563
51.4	-64.5562
51.5	-64.5561
51.6	-64.556
51.7	-64.556
51.8	-64.5559
51.9	-64.5558
52	-64.5557
52.1	-64.5557
52.2	-64.5556
52.3	-64.5555
52.4	-64.5555
52.5	-64.5554
52.6	-64.5553
52.7	-64.5553
52.8	-64.5552
52.9	-64.5552
53	-64.5551
53.1	-64.5551
53.2	-64.555
53.3	-64.555
53.4	-64.5549
53.5	-64.5549
53.6	-64.5548
53.7	-64.5548
53.8	-64.5548
53.9	-64.5547
54	-64.5547
54.1	-64.5546
54.2	-64.5546
54.3	-64.5546
54.4	-64.5545
54.5	-64.5545
54.6	-64.5545
54.7	-64.5544
54.8	-64.5544
54.9	-64.5544
55	-64.5543
55.1	-64.5543
55.2	-64.5543
55.3	-64.5543
55.4	-64.5542
55.5	-64.5542
55.6	-64.5542
55.7	-64.5542
55.8	-64.5542
55.9	-64.5541
56	-64.5541
56.1	-64.5541
56.2	-64.5541
56.3	-64.5541
56.4	-64.554
56.5	-64.554
56.6	-64.554
56.7	-64.554
56.8	-64.554
56.9	-64.554
57	-64.5539
57.1	-64.5539
57.2	-64.5539
57.3	-64.5539
57.4	-64.5539
57.5	-64.5539
57.6	-64.5539
57.7	-64.5539
57.8	-64.5538
57.9	-64.5538
58	-64.5538
58.1	-64.5538
58.2	-64.5538
58.3	-64.5538
58.4	-64.5538
58.5	-64.5538
58.6	-64.5538
58.7	-64.5538
58.8	-64.5538
58.9	-64.5538
59	-64.5538
59.1	-64.5538
59.2	-64.5537
59.3	-64.5537
59.4	-64.5537
59.5	-64.5537
59.6	-64.5537
59.7	-64.5537
59.8	-64.5537
59.9	-64.5537
60	-64.5537
60.1	-64.5537
60.2	-64.5537
60.3	-64.5537
60.4	-64.5537
60.5	-64.5537
60.6	-64.5537
60.7	-64.5537
60.8	-64.5537
60.9	-64.5537
61	-64.5537
61.1	-64.5537
61.2	-64.5537
61.3	-64.5537
61.4	-64.5537
61.5	-64.5537
61.6	-64.5537
61.7	-64.5537
61.8	-64.5537
61.9	-64.5538
62	-64.5538
62.1	-64.5538
62.2	-64.5538
62.3	-64.5538
62.4	-64.5538
62.5	-64.5538
62.6	-64.5538
62.7	-64.5538
62.8	-64.5538
62.9	-64.5538
63	-64.5538
63.1	-64.5538
63.2	-64.5538
63.3	-64.5538
63.4	-64.5538
63.5	-64.5538
63.6	-64.5538
63.7	-64.5538
63.8	-64.5539
63.9	-64.5539
64	-64.5539
64.1	-64.5539
64.2	-64.5539
64.3	-64.5539
64.4	-64.5539
64.5	-64.5539
64.6	-64.5539
64.7	-64.5539
64.8	-64.5539
64.9	-64.5539
65	-64.554
65.1	-64.554
65.2	-64.554
65.3	-64.554
65.4	-64.554
65.5	-64.554
65.6	-64.554
65.7	-64.554
65.8	-64.554
65.9	-64.554
66	-64.554
66.1	-64.5541
66.2	-64.5541
66.3	-64.5541
66.4	-64.5541
66.5	-64.5541
66.6	-64.5541
66.7	-64.5541
66.8	-64.5541
66.9	-64.5541
67	-64.5542
67.1	-64.5542
67.2	-64.5542
67.3	-64.5542
67.4	-64.5542
67.5	-64.5542
67.6	-64.5542
67.7	-64.5542
67.8	-64.5543
67.9	-64.5543
68	-64.5543
68.1	-64.5543
68.2	-64.5543
68.3	-64.5543
68.4	-64.5543
68.5	-64.5543
68.6	-64.5544
68.7	-64.5544
68.8	-64.5544
68.9	-64.5544
69	-64.5544
69.1	-64.5544
69.2	-64.5544
69.3	-64.5544
69.4	-64.5545
69.5	-64.5545
69.6	-64.5545
69.7	-64.5545
69.8	-64.5545
69.9	-64.5545
70	-64.5545
70.1	-64.5546
70.2	-64.5546
70.3	-64.5546
70.4	-64.5546
70.5	-64.5546
70.6	-64.5546
70.7	-64.5546
70.8	-64.5546
70.9	-64.5547
71	-64.5547
71.1	-64.5547
71.2	-64.5547
71.3	-64.5547
71.4	-64.5547
71.5	-64.5547
71.6	-64.5548
71.7	-64.5548
71.8	-64.5548
71.9	-64.5548
72	-64.5548
72.1	-64.5548
72.2	-64.5549
72.3	-64.5549
72.4	-64.5549
72.5	-64.5549
72.6	-64.5549
72.7	-64.5549
72.8	-64.5549
72.9	-64.555
73	-64.555
73.1	-64.555
73.2	-64.555
73.3	-64.555
73.4	-64.555
73.5	-64.5551
73.6	-64.5551
73.7	-64.5551
73.8	-64.5551
73.9	-64.5551
74	-64.5551
74.1	-64.5552
74.2	-64.5552
74.3	-64.5552
74.4	-64.5552
74.5	-64.5552
74.6	-64.5552
74.7	-64.5553
74.8	-64.5553
74.9	-64.5553
75	-64.5553
75.1	-64.5553
75.2	-64.5553
75.3	-64.5553
75.4	-64.5554
75.5	-64.5554
75.6	-64.5554
75.7	-64.5554
75.8	-64.5554
75.9	-64.5554
76	-64.5555
76.1	-64.5555
76.2	-64.5555
76.3	-64.5555
76.4	-64.5555
76.5	-64.5555
76.6	-64.5556
76.7	-64.5556
76.8	-64.5556
76.9	-64.5556
77	-64.5556
77.1	-64.5556
77.2	-64.5557
77.3	-64.5557
77.4	-64.5557
77.5	-64.5557
77.6	-64.5557
77.7	-64.5557
77.8	-64.5558
77.9	-64.5558
78	-64.5558
78.1	-64.5558
78.2	-64.5558
78.3	-64.5559
78.4	-64.5559
78.5	-64.5559
78.6	-64.5559
78.7	-64.5559
78.8	-64.5559
78.9	-64.556
79	-64.556
79.1	-64.556
79.2	-64.556
79.3	-64.556
79.4	-64.556
79.5	-64.5561
79.6	-64.5561
79.7	-64.5561
79.8	-64.5561
79.9	-64.5561
80	-64.5561
80.1	-64.5562
80.2	-64.5562
80.3	-64.5562
80.4	-64.5562
80.5	-64.5562
80.6	-64.5563
80.7	-64.5563
80.8	-64.5563
80.9	-64.5563
81	-64.5563
81.1	-64.5563
81.2	-64.5564
81.3	-64.5564
81.4	-64.5564
81.5	-64.5564
81.6	-64.5564
81.7	-64.5564
81.8	-64.5565
81.9	-64.5565
82	-64.5565
82.1	-64.5565
82.2	-64.5565
82.3	-64.5566
82.4	-64.5566
82.5	-64.5566
82.6	-64.5566
82.7	-64.5566
82.8	-64.5566
82.9	-64.5567
83	-64.5567
83.1	-64.5567
83.2	-64.5567
83.3	-64.5567
83.4	-64.5567
83.5	-64.5568
83.6	-64.5568
83.7	-64.5568
83.8	-64.5568
83.9	-64.5568
84	-64.5569
84.1	-64.5569
84.2	-64.5569
84.3	-64.5569
84.4	-64.5569
84.5	-64.5569
84.6	-64.557
84.7	-64.557
84.8	-64.557
84.9	-64.557
85	-64.557
85.1	-64.5571
85.2	-64.5571
85.3	-64.5571
85.4	-64.5571
85.5	-64.5571
85.6	-64.5571
85.7	-64.5572
85.8	-64.5572
85.9	-64.5572
86	-64.5572
86.1	-64.5572
86.2	-64.5573
86.3	-64.5573
86.4	-64.5573
86.5	-64.5573
86.6	-64.5573
86.7	-64.5573
86.8	-64.5574
86.9	-64.5574
87	-64.5574
87.1	-64.5574
87.2	-64.5574
87.3	-64.5574
87.4	-64.5575
87.5	-64.5575
87.6	-64.5575
87.7	-64.5575
87.8	-64.5575
87.9	-64.5576
88	-64.5576
88.1	-64.5576
88.2	-64.5576
88.3	-64.5576
88.4	-64.5576
88.5	-64.5577
88.6	-64.5577
88.7	-64.5577
88.8	-64.5577
88.9	-64.5577
89	-64.5578
89.1	-64.5578
89.2	-64.5578
89.3	-64.5578
89.4	-64.5578
89.5	-64.5578
89.6	-64.5579
89.7	-64.5579
89.8	-64.5579
89.9	-64.5579
90	-64.5579
90.1	-64.5579
90.2	-64.558
90.3	-64.558
90.4	-64.558
90.5	-64.558
90.6	-64.558
90.7	-64.5581
90.8	-64.5581
90.9	-64.5581
91	-64.5581
91.1	-64.5581
91.2	-64.5581
91.3	-64.5582
91.4	-64.5582
91.5	-64.5582
91.6	-64.5582
91.7	-64.5582
91.8	-64.5583
91.9	-64.5583
92	-64.5583
92.1	-64.5583
92.2	-64.5583
92.3	-64.5583
92.4	-64.5584
92.5	-64.5584
92.6	-64.5584
92.7	-64.5584
92.8	-64.5584
92.9	-64.5584
93	-64.5585
93.1	-64.5585
93.2	-64.5585
93.3	-64.5585
93.4	-64.5585
93.5	-64.5585
93.6	-64.5586
93.7	-64.5586
93.8	-64.5586
93.9	-64.5586
94	-64.5586
94.1	-64.5587
94.2	-64.5587
94.3	-64.5587
94.4	-64.5587
94.5	-64.5587
94.6	-64.5587
94.7	-64.5588
94.8	-64.5588
94.9	-64.5588
95	-64.5588
95.1	-64.5588
95.2	-64.5588
95.3	-64.5589
95.4	-64.5589
95.5	-64.5589
95.6	-64.5589
95.7	-64.5589
95.8	-64.559
95.9	-64.559
96	-64.559
96.1	-64.559
96.2	-64.559
96.3	-64.559
96.4	-64.5591
96.5	-64.5591
96.6	-64.5591
96.7	-64.5591
96.8	-64.5591
96.9	-64.5591
97	-64.5592
97.1	-64.5592
97.2	-64.5592
97.3	-64.5592
97.4	-64.5592
97.5	-64.5592
97.6	-64.5593
97.7	-64.5593
97.8	-64.5593
97.9	-64.5593
98	-64.5593
98.1	-64.5593
98.2	-64.5594
98.3	-64.5594
98.4	-64.5594
98.5	-64.5594
98.6	-64.5594
98.7	-64.5594
98.8	-64.5595
98.9	-64.5595
99	-64.5595
99.1	-64.5595
99.2	-64.5595
99.3	-64.5596
99.4	-64.5596
99.5	-64.5596
99.6	-64.5596
99.7	-64.5596
99.8	-64.5596
99.9	-64.5597
100	-64.5597
100.1	-64.5597
100.2	-64.5597
100.3	-64.5597
100.4	-64.5597
100.5	-64.5598
100.6	-64.5598
100.7	-64.5598
100.8	-64.5598
100.9	-64.5598
101	-64.5598
101.1	-64.5599
101.2	-64.5599
101.3	-64.5599
101.4	-64.5599
101.5	-64.5599
101.6	-64.5599
101.7	-64.56
101.8	-64.56
101.9	-64.56
102	-64.56
102.1	-64.56
102.2	-64.56
102.3	-64.5601
102.4	-64.5601
102.5	-64.5601
102.6	-64.5601
102.7	-64.5601
102.8	-64.5601
102.9	-64.5602
103	-64.5602
103.1	-64.5602
103.2	-64.5602
103.3	-64.5602
103.4	-64.5602
103.5	-64.5603
103.6	-64.5603
103.7	-64.5603
103.8	-64.5603
103.9	-64.5603
104	-64.5603
104.1	-64.5604
104.2	-64.5604
104.3	-64.5604
104.4	-64.5604
104.5	-64.5604
104.6	-64.5604
104.7	-64.5605
104.8	-64.5605
104.9	-64.5605
105	-64.5605
105.1	-64.5605
105.2	-64.5605
105.3	-64.5606
105.4	-64.5606
105.5	-64.5606
105.6	-64.5606
105.7	-64.5606
105.8	-64.5606
105.9	-64.5607
106	-64.5607
106.1	-64.5607
106.2	-64.5607
106.3	-64.5607
106.4	-64.5607
106.5	-64.5607
106.6	-64.5608
106.7	-64.5608
106.8	-64.5608
106.9	-64.5608
107	-64.5608
107.1	-64.5608
107.2	-64.5609
107.3	-64.5609
107.4	-64.5609
107.5	-64.5609
107.6	-64.5609
107.7	-64.5609
107.8	-64.561
107.9	-64.561
108	-64.561
108.1	-64.561
108.2	-64.561
108.3	-64.561
108.4	-64.5611
108.5	-64.5611
108.6	-64.5611
108.7	-64.5611
108.8	-64.5611
108.9	-64.5611
109	-64.5611
109.1	-64.5612
109.2	-64.5612
109.3	-64.5612
109.4	-64.5612
109.5	-64.5612
109.6	-64.5612
109.7	-64.5613
109.8	-64.5613
109.9	-64.5613
110	-64.5613
