#label:v(.5)
#1101
0	-65
0.1	-64.9897
0.2	-64.98
0.3	-64.9709
0.4	-64.9622
0.5	-64.9541
0.6	-64.9464
0.7	-64.9392
0.8	-64.9323
0.9	-64.9259
1	-64.9198
1.1	-64.9141
1.2	-64.9087
1.3	-64.9036
1.4	-64.8988
1.5	-64.8943
1.6	-64.8901
1.7	-64.8861
1.8	-64.8823
1.9	-64.8788
2	-64.8755
2.1	-64.8723
2.2	-64.8694
2.3	-64.8666
2.4	-64.8639
2.5	-64.8615
2.6	-64.8592
2.7	-64.857
2.8	-64.8549
2.9	-64.853
3	-64.8511
3.1	-64.8494
3.2	-64.8478
3.3	-64.8463
3.4	-64.8448
3.5	-64.8435
3.6	-64.8422
3.7	-64.841
3.8	-64.8399
3.9	-64.8388
4	-64.8378
4.1	-64.8369
4.2	-64.836
4.3	-64.8351
4.4	-64.8343
4.5	-64.8336
4.6	-64.8329
4.7	-64.8322
4.8	-64.8316
4.9	-64.831
5	-64.8305
5.1	-64.83
5.2	-64.8295
5.3	-64.829
5.4	-64.8286
5.5	-64.8282
5.6	-64.8278
5.7	-64.8274
5.8	-64.8271
5.9	-64.8267
6	-64.8264
6.1	-64.8262
6.2	-64.8259
6.3	-64.8256
6.4	-64.8254
6.5	-64.8252
6.6	-64.8249
6.7	-64.8247
6.8	-64.5321
6.9	-64.3276
7	-64.1885
7.1	-64.0981
7.2	-64.0436
7.3	-64.0156
7.4	-64.0068
7.5	-63.7233
7.6	-63.5368
7.7	-63.422
7.8	-63.3598
7.9	-63.336
8	-63.34
8.1	-63.3638
8.2	-62.8312
8.3	-62.4819
8.4	-62.267
8.5	-62.1505
8.6	-62.1058
8.7	-62.1127
8.8	-62.1565
8.9	-62.2261
9	-62.313
9.1	-62.4111
9.2	-62.5158
9.3	-62.6237
9.4	-62.7324
9.5	-62.84
9.6	-62.9453
9.7	-63.0474
9.8	-63.1457
9.9	-63.24
10	-63.33
10.1	-63.4156
10.2	-63.4968
10.3	-63.5737
10.4	-63.6465
10.5	-63.7152
10.6	-63.78
10.7	-63.8411
10.8	-63.8987
10.9	-63.953
11	-64.0041
11.1	-64.0521
11.2	-64.0974
11.3	-64.1399
11.4	-64.18
11.5	-64.2176
11.6	-64.2531
11.7	-64.2864
11.8	-64.3177
11.9	-64.3472
12	-64.375
12.1	-64.4011
12.2	-64.4256
12.3	-64.4487
12.4	-64.4704
12.5	-64.4908
12.6	-64.5101
12.7	-64.5282
12.8	-64.5452
12.9	-64.5612
13	-64.5763
13.1	-64.5904
13.2	-64.6038
13.3	-64.6164
13.4	-64.6282
13.5	-64.6393
13.6	-64.6498
13.7	-64.6596
13.8	-64.6689
13.9	-64.6776
14	-64.6859
14.1	-64.6936
14.2	-64.7009
14.3	-64.7077
14.4	-64.7142
14.5	-64.4283
14.6	-64.23
14.7	-64.0967
14.8	-64.0116
14.9	-63.9621
15	-63.9387
15.1	-63.9342
15.2	-63.9435
15.3	-63.9623
15.4	-63.9878
15.5	-64.0177
15.6	-64.0504
15.7	-64.0845
15.8	-64.1193
15.9	-64.154
16	-64.1881
16.1	-64.2215
16.2	-64.2537
16.3	-64.2847
16.4	-64.3144
16.5	-64.3428
16.6	-64.3698
16.7	-64.3954
16.8	-64.4197
16.9	-64.4427
17	-64.4645
17.1	-64.4851
17.2	-64.5045
17.3	-64.5228
17.4	-64.5401
17.5	-64.5563
17.6	-64.5717
17.7	-64.5862
17.8	-64.5998
17.9	-64.6126
18	-64.6247
18.1	-64.6361
18.2	-64.6468
18.3	-64.6569
18.4	-64.6664
18.5	-64.6754
18.6	-64.6838
18.7	-64.6917
18.8	-64.6992
18.9	-64.7063
19	-64.7129
19.1	-64.7191
19.2	-64.725
19.3	-64.7306
19.4	-64.7358
19.5	-64.7407
19.6	-64.7453
19.7	-64.7497
19.8	-64.7538
19.9	-64.7577
20	-64.7613
20.1	-64.7647
20.2	-64.768
20.3	-64.1879
20.4	-63.785
20.5	-63.5129
20.6	-63.3373
20.7	-63.233
20.8	-63.1808
20.9	-63.1666
21	-63.1798
21.1	-63.2124
21.2	-63.2584
21.3	-63.3134
21.4	-63.3741
21.5	-63.4379
21.6	-63.5032
21.7	-63.5685
21.8	-63.6329
21.9	-63.6959
22	-63.7568
22.1	-63.8154
22.2	-63.8716
22.3	-63.9252
22.4	-63.9762
22.5	-64.0246
22.6	-64.0705
22.7	-64.114
22.8	-64.155
22.9	-64.1938
23	-64.2303
23.1	-64.2648
23.2	-63.7187
23.3	-58.9258
23.4	-55.5688
23.5	-53.2021
23.6	-51.7706
23.7	-50.9967
23.8	-50.6931
23.9	-50.7275
24	-51.0027
24.1	-51.4451
24.2	-51.7674
24.3	-52.2303
24.4	-52.783
24.5	-53.1502
24.6	-53.6153
24.7	-53.6589
24.8	-53.6456
24.9	-53.8322
25	-54.1544
25.1	-54.5648
25.2	-54.5397
25.3	-54.6974
25.4	-54.9796
25.5	-55.3435
25.6	-55.7577
25.7	-55.699
25.8	-55.5584
25.9	-55.6119
26	-55.8001
26.1	-55.8289
26.2	-55.7447
26.3	-55.0874
26.4	-54.7886
26.5	-54.7439
26.6	-54.3883
26.7	-54.3117
26.8	-54.1881
26.9	-54.277
27	-53.7868
27.1	-53.6289
27.2	-52.9897
27.3	-52.7459
27.4	-52.7808
27.5	-53.0098
27.6	-53.3708
27.7	-53.5781
27.8	-53.9124
27.9	-53.6063
28	-53.5806
28.1	-53.5111
28.2	-53.6516
28.3	-53.9365
28.4	-54.3174
28.5	-54.5146
28.6	-54.8221
28.7	-55.2015
28.8	-55.6247
28.9	-55.8206
29	-55.8512
29.1	-56.0149
29.2	-55.5178
29.3	-55.3176
29.4	-55.3276
29.5	-55.4848
29.6	-55.2456
29.7	-55.2289
29.8	-55.3686
29.9	-55.616
30	-55.9354
30.1	-56.3003
30.2	-56.185
30.3	-55.986
30.4	-55.7325
30.5	-55.4464
30.6	-55.3915
30.7	-55.0043
30.8	-54.8866
30.9	-54.9595
31	-55.1655
31.1	-55.4622
31.2	-55.8181
31.3	-56.2102
31.4	-56.6214
31.5	-57.0393
31.6	-57.1976
31.7	-57.4256
31.8	-57.6993
31.9	-58.0009
32	-58.3177
32.1	-58.6401
32.2	-58.9616
32.3	-59.2773
32.4	-58.5207
32.5	-56.7905
32.6	-55.7159
32.7	-55.1053
32.8	-54.8255
32.9	-54.7817
33	-54.905
33.1	-55.1449
33.2	-55.4637
33.3	-55.8336
33.4	-56.2339
33.5	-56.6493
33.6	-57.0688
33.7	-57.4844
33.8	-57.8905
33.9	-57.7616
34	-57.7759
34.1	-57.8909
34.2	-57.2973
34.3	-56.9928
34.4	-56.895
34.5	-56.9444
34.6	-56.8411
34.7	-56.8874
34.8	-56.7831
34.9	-56.8296
35	-56.9822
35.1	-56.6956
35.2	-56.6153
35.3	-56.6816
35.4	-56.8505
35.5	-57.0896
35.6	-56.3526
35.7	-55.964
35.8	-55.3252
35.9	-54.5305
36	-54.1342
36.1	-53.5392
36.2	-53.0616
36.3	-52.9134
36.4	-52.9983
36.5	-53.2462
36.6	-53.6053
36.7	-54.0373
36.8	-54.5136
36.9	-55.0132
37	-54.7792
37.1	-54.7719
37.2	-54.6779
37.3	-54.7701
37.4	-54.9917
37.5	-55.301
37.6	-55.6672
37.7	-56.0677
37.8	-56.233
37.9	-56.4808
38	-56.7831
38.1	-57.119
38.2	-57.4735
38.3	-57.8356
38.4	-57.9362
38.5	-57.849
38.6	-57.8905
38.7	-58.0224
38.8	-58.2163
38.9	-58.4513
39	-58.7121
39.1	-58.4585
39.2	-58.3722
39.3	-58.4052
39.4	-58.5223
39.5	-58.1713
39.6	-58.0205
39.7	-57.4931
39.8	-57.2292
39.9	-56.8978
40	-56.526
40.1	-56.3867
40.2	-56.4132
40.3	-56.5569
40.4	-56.7816
40.5	-57.0606
40.6	-57.374
40.7	-57.1905
40.8	-56.4076
40.9	-55.9848
41	-55.3201
41.1	-54.9979
41.2	-54.9198
41.3	-54.7687
41.4	-54.8153
41.5	-55.0009
41.6	-55.2821
41.7	-55.6268
41.8	-56.0112
41.9	-56.4177
42	-56.8334
42.1	-56.7369
42.2	-56.7899
42.3	-56.9474
42.4	-56.9203
42.5	-56.7632
42.6	-56.7724
42.7	-56.3897
42.8	-56.2464
42.9	-56.0212
43	-55.9944
43.1	-55.1087
43.2	-54.6382
43.3	-54.4633
43.4	-54.2546
43.5	-54.27
43.6	-54.1996
43.7	-54.0709
43.8	-54.1466
43.9	-54.3652
44	-54.6815
44.1	-55.0619
44.2	-55.4817
44.3	-55.423
44.4	-55.5251
44.5	-55.7389
44.6	-56.0284
44.7	-56.367
44.8	-56.7349
44.9	-56.8618
45	-57.0708
45.1	-57.3348
45.2	-57.6337
45.3	-57.9527
45.4	-58.0196
45.5	-58.1671
45.6	-58.1076
45.7	-57.9026
45.8	-57.8591
45.9	-57.9301
46	-58.0814
46.1	-58.0257
46.2	-58.0855
46.3	-58.2261
46.4	-58.4223
46.5	-58.655
46.6	-58.3822
46.7	-58.2828
46.8	-57.525
46.9	-57.0996
47	-56.9127
47.1	-56.387
47.2	-55.8898
47.3	-55.6727
47.4	-55.6556
47.5	-55.7801
47.6	-56.0034
47.7	-56.0412
47.8	-55.4467
47.9	-54.9236
48	-54.7065
48.1	-54.7071
48.2	-54.3712
48.3	-54.2951
48.4	-54.4028
48.5	-53.9086
48.6	-53.4911
48.7	-53.1365
48.8	-53.0711
48.9	-53.2098
49	-53.49
49.1	-53.8659
49.2	-54.3034
49.3	-54.7772
49.4	-55.2688
49.5	-55.5153
49.6	-55.8323
49.7	-56.194
49.8	-56.0758
49.9	-56.1248
50	-56.2907
50.1	-56.5368
50.2	-56.8357
50.3	-57.1675
50.4	-57.2595
50.5	-57.437
50.6	-57.6724
50.7	-57.4265
50.8	-57.362
50.9	-57.4263
51	-57.3225
51.1	-57.3594
51.2	-56.9806
51.3	-56.8291
51.4	-56.84
51.5	-56.9655
51.6	-57.1704
51.7	-57.4288
51.8	-57.7213
51.9	-58.0338
52	-57.0575
52.1	-55.9834
52.2	-55.3658
52.3	-55.0738
52.4	-55.0141
52.5	-55.1192
52.6	-55.3396
52.7	-55.6385
52.8	-55.9887
52.9	-56.1174
53	-56.3388
53.1	-56.6227
53.2	-56.9466
53.3	-57.037
53.4	-57.2164
53.5	-56.6866
53.6	-56.4348
53.7	-55.6267
53.8	-55.1993
53.9	-54.5514
54	-54.0107
54.1	-53.797
54.2	-53.8156
54.3	-53.9978
54.4	-54.293
54.5	-54.6638
54.6	-55.0825
54.7	-55.5283
54.8	-55.4861
54.9	-55.598
55	-55.5668
55.1	-55.1871
55.2	-55.0668
55.3	-55.1301
55.4	-55.3221
55.5	-55.6019
55.6	-55.9399
55.7	-56.3137
55.8	-56.7071
55.9	-56.3437
56	-56.2147
56.1	-56.0002
56.2	-55.981
56.3	-56.0997
56.4	-56.3142
56.5	-56.5934
56.6	-56.9143
56.7	-57.2599
56.8	-57.6178
56.9	-57.979
57	-58.3369
57.1	-58.6871
57.2	-58.4974
57.3	-58.1927
57.4	-57.2949
57.5	-56.7764
57.6	-56.5297
57.7	-56.4774
57.8	-56.5633
57.9	-56.746
58	-56.9947
58.1	-57.2869
58.2	-57.0897
58.3	-57.0639
58.4	-57.1597
58.5	-57.083
58.6	-57.1423
58.7	-57.2973
58.8	-57.5179
58.9	-57.7819
59	-58.0729
59.1	-58.1167
59.2	-56.9493
59.3	-56.2511
59.4	-55.8878
59.5	-55.7641
59.6	-55.5608
59.7	-55.5553
59.8	-55.6896
59.9	-55.9212
60	-55.9664
60.1	-56.1305
60.2	-56.3764
60.3	-56.4228
60.4	-56.5805
60.5	-56.5601
60.6	-56.6683
60.7	-56.866
60.8	-56.8681
60.9	-56.7316
61	-56.7549
61.1	-56.1286
61.2	-55.0711
61.3	-54.4815
61.4	-54.2248
61.5	-54.2051
61.6	-54.3529
61.7	-54.617
61.8	-54.9597
61.9	-55.3528
62	-55.5259
62.1	-55.789
62.2	-56.1119
62.3	-55.9673
62.4	-55.249
62.5	-54.6457
62.6	-54.3784
62.7	-54.3498
62.8	-54.4896
62.9	-54.7464
63	-55.082
63.1	-54.4816
63.2	-54.2201
63.3	-54.199
63.4	-53.8621
63.5	-53.795
63.6	-53.9181
63.7	-54.1736
63.8	-54.032
63.9	-54.0991
64	-54.312
64.1	-53.8948
64.2	-53.7719
64.3	-53.8569
64.4	-54.0867
64.5	-54.4152
64.6	-54.8082
64.7	-54.7475
64.8	-54.8592
64.9	-55.0905
65	-55.1548
65.1	-55.3475
65.2	-55.3788
65.3	-54.8014
65.4	-54.5501
65.5	-54.2863
65.6	-54.2622
65.7	-54.407
65.8	-54.6687
65.9	-55.0092
66	-55.4001
66.1	-55.8206
66.2	-56.2554
66.3	-56.6935
66.4	-57.1269
66.5	-57.5502
66.6	-57.4408
66.7	-57.4725
66.8	-57.6034
66.9	-57.8026
67	-58.0475
67.1	-58.0592
67.2	-58.1665
67.3	-58.0779
67.4	-58.1135
67.5	-58.2366
67.6	-58.42
67.7	-58.6437
67.8	-58.8928
67.9	-58.8906
68	-58.9748
68.1	-58.3257
68.2	-57.9628
68.3	-57.8057
68.4	-57.7962
68.5	-57.8914
68.6	-57.2808
68.7	-56.961
68.8	-56.8499
68.9	-56.8878
69	-57.0308
69.1	-57.2465
69.2	-57.5109
69.3	-57.2883
69.4	-56.9841
69.5	-56.8842
69.6	-56.93
69.7	-57.0783
69.8	-57.0403
69.9	-57.1276
70	-57.0454
70.1	-56.8451
70.2	-56.312
70.3	-56.063
70.4	-55.7657
70.5	-55.6907
70.6	-55.7736
70.7	-55.9671
70.8	-55.9843
70.9	-56.1282
71	-56.3597
71.1	-56.65
71.2	-56.7223
71.3	-56.8937
71.4	-57.1328
71.5	-56.9024
71.6	-56.8567
71.7	-56.6867
71.8	-56.6869
71.9	-56.8073
72	-56.7556
72.1	-56.0767
72.2	-55.7307
72.3	-55.6225
72.4	-55.4338
72.5	-55.4413
72.6	-55.5872
72.7	-55.5788
72.8	-55.7115
72.9	-55.4419
73	-54.6517
73.1	-54.2542
73.2	-54.1361
73.3	-53.9735
73.4	-54.0253
73.5	-54.2276
73.6	-54.0463
73.7	-54.0847
73.8	-54.0343
73.9	-54.165
74	-54.4216
74.1	-54.7632
74.2	-55.1596
74.3	-55.5884
74.4	-56.0335
74.5	-56.4829
74.6	-56.9282
74.7	-57.3634
74.8	-57.7845
74.9	-58.1891
75	-58.3126
75.1	-58.4961
75.2	-58.7194
75.3	-58.9678
75.4	-59.2303
75.5	-59.499
75.6	-59.7681
75.7	-60.0335
75.8	-60.2924
75.9	-60.5428
76	-60.7836
76.1	-61.0139
76.2	-61.2334
76.3	-61.4421
76.4	-61.6401
76.5	-61.8275
76.6	-62.0047
76.7	-62.1721
76.8	-62.3301
76.9	-62.4791
77	-62.6196
77.1	-62.7521
77.2	-62.877
77.3	-62.9946
77.4	-63.1055
77.5	-63.2099
77.6	-63.3083
77.7	-63.401
77.8	-63.4884
77.9	-63.5707
78	-63.6482
78.1	-63.7213
78.2	-63.7901
78.3	-63.855
78.4	-63.9162
78.5	-63.9739
78.6	-64.0282
78.7	-64.0795
78.8	-64.1278
78.9	-64.1733
79	-64.2162
79.1	-64.2567
79.2	-64.2949
79.3	-64.331
79.4	-64.3649
79.5	-64.397
79.6	-64.4272
79.7	-64.4557
79.8	-64.4826
79.9	-64.508
80	-64.532
80.1	-64.5546
80.2	-64.5759
80.3	-64.5961
80.4	-64.6151
80.5	-64.633
80.6	-64.6499
80.7	-64.6659
80.8	-64.681
80.9	-64.6953
81	-64.7087
81.1	-64.7214
81.2	-64.7334
81.3	-64.7448
81.4	-64.7555
81.5	-64.7656
81.6	-64.7752
81.7	-64.7842
81.8	-64.7927
81.9	-64.8008
82	-64.8084
82.1	-64.8157
82.2	-64.8225
82.3	-64.8289
82.4	-64.835
82.5	-64.8408
82.6	-64.8463
82.7	-64.8514
82.8	-64.8563
82.9	-64.8609
83	-64.8653
83.1	-64.8695
83.2	-64.8734
83.3	-64.8771
83.4	-64.8807
83.5	-64.884
83.6	-64.8872
83.7	-64.8902
83.8	-64.8931
83.9	-64.8958
84	-64.8984
84.1	-64.9008
84.2	-64.9031
84.3	-64.9053
84.4	-64.9074
84.5	-64.9094
84.6	-64.9113
84.7	-64.9131
84.8	-64.9148
84.9	-64.9165
85	-64.918
85.1	-64.9195
85.2	-64.9209
85.3	-64.9223
85.4	-64.9236
85.5	-64.9248
85.6	-64.926
85.7	-64.9271
85.8	-64.6351
85.9	-64.4311
86	-64.2924
86.1	-64.2022
86.2	-64.148
86.3	-64.1201
86.4	-64.1114
86.5	-64.1167
86.6	-64.1319
86.7	-64.154
86.8	-64.1808
86.9	-64.2105
87	-64.2419
87.1	-64.2742
87.2	-64.3065
87.3	-64.3386
87.4	-64.37
87.5	-64.4005
87.6	-64.4298
87.7	-64.4581
87.8	-64.4851
87.9	-64.5108
88	-64.5354
88.1	-63.9774
88.2	-63.5945
88.3	-63.3407
88.4	-63.182
88.5	-63.0932
88.6	-63.0556
88.7	-63.055
88.8	-62.7965
88.9	-62.6424
89	-62.5647
89.1	-61.9801
89.2	-61.6077
89.3	-61.3903
89.4	-61.2858
89.5	-60.7127
89.6	-60.3676
89.7	-59.9175
89.8	-59.6711
89.9	-59.5724
90	-59.5801
90.1	-59.6633
90.2	-59.7994
90.3	-59.9711
90.4	-60.1659
90.5	-60.3743
90.6	-60.5893
90.7	-60.8059
90.8	-61.0203
90.9	-61.2301
91	-61.4335
91.1	-61.6292
91.2	-61.8166
91.3	-61.9953
91.4	-62.1652
91.5	-62.0455
91.6	-62.0016
91.7	-62.0122
91.8	-62.0613
91.9	-62.1374
92	-62.2315
92.1	-62.3372
92.2	-62.4497
92.3	-62.5653
92.4	-62.6817
92.5	-62.7968
92.6	-62.9094
92.7	-63.0186
92.8	-63.1239
92.9	-63.2248
93	-63.3212
93.1	-63.4129
93.2	-63.5
93.3	-63.296
93.4	-63.1736
93.5	-63.1111
93.6	-63.0921
93.7	-63.1045
93.8	-63.139
93.9	-63.1889
94	-63.2492
94.1	-63.316
94.2	-63.3866
94.3	-63.4588
94.4	-63.5313
94.5	-63.6029
94.6	-63.6729
94.7	-63.7408
94.8	-63.8062
94.9	-63.8689
95	-63.9288
95.1	-63.9859
95.2	-64.0401
95.3	-64.0916
95.4	-64.1403
95.5	-64.1864
95.6	-63.9403
95.7	-63.7788
95.8	-63.6798
95.9	-63.6266
96	-63.6069
96.1	-63.6114
96.2	-63.6332
96.3	-63.6671
96.4	-63.7091
96.5	-63.7563
96.6	-63.8067
96.7	-63.8587
96.8	-63.911
96.9	-63.9628
97	-64.0137
97.1	-64.063
97.2	-64.1107
97.3	-64.1565
97.4	-64.2002
97.5	-64.242
97.6	-64.2817
97.7	-64.3194
97.8	-64.3551
97.9	-64.389
98	-64.421
98.1	-64.4513
98.2	-64.4799
98.3	-64.5069
98.4	-64.5324
98.5	-64.5564
98.6	-64.5791
98.7	-64.6005
98.8	-64.6207
98.9	-64.6397
99	-64.6576
99.1	-64.6745
99.2	-64.6905
99.3	-64.7055
99.4	-64.7197
99.5	-64.733
99.6	-64.7456
99.7	-64.7575
99.8	-64.7687
99.9	-64.7792
100	-64.7892
100.1	-64.7985
100.2	-64.8074
100.3	-64.8157
100.4	-64.8235
100.5	-64.8309
100.6	-64.5453
100.7	-64.3473
100.8	-64.2142
100.9	-64.1292
101	-64.0799
101.1	-64.0566
101.2	-64.0523
101.3	-64.0617
101.4	-64.0807
101.5	-64.1064
101.6	-64.1365
101.7	-64.1694
101.8	-64.2037
101.9	-64.2387
102	-64.2737
102.1	-64.3081
102.2	-64.3417
102.3	-64.3743
102.4	-64.4056
102.5	-64.4357
102.6	-64.4643
102.7	-64.4917
102.8	-64.5176
102.9	-64.5423
103	-64.5656
103.1	-64.5877
103.2	-64.6086
103.3	-64.6283
103.4	-64.647
103.5	-64.6646
103.6	-64.6812
103.7	-64.6969
103.8	-64.7116
103.9	-64.7256
104	-64.7387
104.1	-64.7511
104.2	-64.7628
104.3	-64.7738
104.4	-64.7841
104.5	-64.7939
104.6	-64.8031
104.7	-64.5193
104.8	-64.3229
104.9	-64.1915
105	-64.1081
105.1	-64.0601
105.2	-64.0382
105.3	-64.0351
105.4	-64.0457
105.5	-64.0658
105.6	-64.0925
105.7	-64.1236
105.8	-64.1573
105.9	-64.1926
106	-64.2283
106.1	-64.264
106.2	-64.2991
106.3	-64.3334
106.4	-64.3665
106.5	-64.3984
106.6	-64.4289
106.7	-64.4581
106.8	-64.4858
106.9	-64.5122
107	-64.5372
107.1	-64.5609
107.2	-64.5833
107.3	-64.6045
107.4	-64.6245
107.5	-64.6434
107.6	-64.6612
107.7	-64.678
107.8	-64.6939
107.9	-64.7089
108	-64.7229
108.1	-64.7362
108.2	-64.7487
108.3	-64.7605
108.4	-64.7716
108.5	-64.7821
108.6	-64.792
108.7	-64.8013
108.8	-64.81
108.9	-64.5258
109	-64.329
109.1	-64.1971
109.2	-63.2496
109.3	-62.6044
109.4	-62.1801
109.5	-61.9176
109.6	-61.7736
109.7	-61.7158
109.8	-61.7204
109.9	-61.7696
110	-61.8499
