#label:v(.5)
#1101
0	-65
0.1	-64.9767
0.2	-64.9546
0.3	-64.9336
0.4	-64.9136
0.5	-64.8947
0.6	-64.8768
0.7	-64.8599
0.8	-64.8438
0.9	-64.8285
1	-64.814
1.1	-64.8003
1.2	-64.7873
1.3	-64.775
1.4	-64.7634
1.5	-64.7524
1.6	-64.7419
1.7	-64.732
1.8	-64.7227
1.9	-64.7138
2	-64.7055
2.1	-64.6975
2.2	-64.69
2.3	-64.6829
2.4	-64.6762
2.5	-64.6699
2.6	-64.6639
2.7	-64.6582
2.8	-64.6528
2.9	-64.6477
3	-64.6429
3.1	-64.6384
3.2	-64.6341
3.3	-64.63
3.4	-64.6262
3.5	-64.6226
3.6	-64.6191
3.7	-64.6159
3.8	-64.6128
3.9	-64.6099
4	-63.1629
4.1	-62.1586
4.2	-61.4705
4.3	-61.0109
4.4	-60.4451
4.5	-60.081
4.6	-59.8644
4.7	-59.7571
4.8	-59.7315
4.9	-59.7672
5	-59.8483
5.1	-59.9629
5.2	-60.1014
5.3	-60.2565
5.4	-60.4226
5.5	-60.5948
5.6	-60.7697
5.7	-60.9445
5.8	-61.1174
5.9	-61.2869
6	-61.1751
6.1	-61.1377
6.2	-61.1537
6.3	-61.2082
6.4	-61.29
6.5	-61.3907
6.6	-61.5039
6.7	-61.625
6.8	-61.7502
6.9	-61.877
7	-62.0033
7.1	-62.1277
7.2	-62.249
7.3	-62.3666
7.4	-62.4801
7.5	-62.5891
7.6	-62.6935
7.7	-62.7932
7.8	-62.8881
7.9	-62.9784
8	-63.0642
8.1	-63.1456
8.2	-63.2228
8.3	-63.296
8.4	-63.3653
8.5	-63.4309
8.6	-63.493
8.7	-63.5517
8.8	-63.6072
8.9	-63.6596
9	-63.7092
9.1	-63.756
9.2	-63.8002
9.3	-63.842
9.4	-63.8815
9.5	-63.9188
9.6	-63.9541
9.7	-63.9874
9.8	-64.0189
9.9	-64.0486
10	-64.0767
10.1	-64.1033
10.2	-64.1283
10.3	-64.152
10.4	-64.1744
10.5	-64.1955
10.6	-64.2155
10.7	-64.2343
10.8	-64.2521
10.9	-64.2689
11	-64.2848
11.1	-64.2998
11.2	-64.3139
11.3	-64.3273
11.4	-64.3399
11.5	-64.3518
11.6	-64.0727
11.7	-63.8788
11.8	-63.7479
11.9	-63.6638
12	-63.6143
12.1	-63.5904
12.2	-63.5852
12.3	-63.5936
12.4	-63.6118
12.5	-63.3498
12.6	-63.177
12.7	-63.0696
12.8	-63.0106
12.9	-62.9872
13	-62.9897
13.1	-63.0111
13.2	-63.0458
13.3	-63.0898
13.4	-63.1401
13.5	-63.1942
13.6	-63.2506
13.7	-63.3078
13.8	-63.3651
13.9	-63.4216
14	-63.4769
14.1	-63.5306
14.2	-63.5825
14.3	-63.3456
14.4	-63.191
14.5	-63.0969
14.6	-63.0474
14.7	-63.0306
14.8	-63.0376
14.9	-63.0618
15	-63.0981
15.1	-62.8581
15.2	-62.7071
15.3	-62.6213
15.4	-62.5835
15.5	-62.5808
15.6	-62.6035
15.7	-62.6444
15.8	-62.6979
15.9	-62.76
16	-62.8275
16.1	-62.8982
16.2	-62.9703
16.3	-63.0426
16.4	-63.1141
16.5	-63.1842
16.6	-63.2524
16.7	-63.3184
16.8	-63.382
16.9	-63.443
17	-63.5014
17.1	-63.5571
17.2	-63.6103
17.3	-63.6608
17.4	-63.7089
17.5	-63.7545
17.6	-63.7978
17.7	-63.8389
17.8	-63.8779
17.9	-63.9148
18	-63.3743
18.1	-63.0031
18.2	-62.756
18.3	-62.6003
18.4	-62.5121
18.5	-62.4736
18.6	-62.4714
18.7	-62.2141
18.8	-62.0577
18.9	-61.9754
19	-61.9474
19.1	-61.9592
19.2	-61.9997
19.3	-62.0607
19.4	-62.1358
19.5	-62.2205
19.6	-62.311
19.7	-62.4049
19.8	-62.5
19.9	-62.5949
20	-62.6885
20.1	-62.7801
20.2	-62.8689
20.3	-62.9547
20.4	-63.0372
20.5	-63.1163
20.6	-63.192
20.7	-63.2642
20.8	-63.3331
20.9	-63.3987
21	-63.461
21.1	-63.5202
21.2	-63.5763
21.3	-63.6295
21.4	-63.6799
21.5	-63.7276
21.6	-63.7729
21.7	-63.8157
21.8	-63.5683
21.9	-63.4035
22	-63.2997
22.1	-63.2409
22.2	-62.93
22.3	-62.4445
22.4	-62.1223
22.5	-61.9198
22.6	-61.8053
22.7	-61.7558
22.8	-61.7539
22.9	-61.7867
23	-61.8445
23.1	-61.3634
23.2	-59.1576
23.3	-55.3645
23.4	-52.4527
23.5	-49.7278
23.6	-46.4499
23.7	-40.1709
23.8	-16.8724
23.9	50.603
24	-5.58734
24.1	-28.7921
24.2	-42.1783
24.3	-55.1399
24.4	-61.9658
24.5	-64.7905
24.6	-66.0747
24.7	-66.7195
24.8	-67.0637
24.9	-67.2512
25	-67.0637
25.1	-66.072
25.2	-65.4431
25.3	-65.0529
25.4	-64.5396
25.5	-63.953
25.6	-63.6074
25.7	-63.4275
25.8	-63.0818
25.9	-62.9068
26	-62.5716
26.1	-62.4085
26.2	-62.0883
26.3	-61.9394
26.4	-61.9101
26.5	-61.9634
26.6	-62.0726
26.7	-62.2183
26.8	-61.2832
26.9	-60.7115
27	-60.1254
27.1	-59.8032
27.2	-59.6678
27.3	-59.6658
27.4	-59.2277
27.5	-59.0141
27.6	-58.9596
27.7	-58.7565
27.8	-58.45
27.9	-58.3313
28	-58.3475
28.1	-58.4615
28.2	-58.6459
28.3	-58.8797
28.4	-59.1463
28.5	-59.4327
28.6	-59.7293
28.7	-60.0283
28.8	-60.3242
28.9	-60.6131
29	-60.8918
29.1	-60.3416
29.2	-60.0245
29.3	-59.3381
29.4	-58.9305
29.5	-58.7211
29.6	-58.6552
29.7	-57.9098
29.8	-57.4642
29.9	-56.9739
30	-56.707
30.1	-56.6028
30.2	-56.6211
30.3	-56.227
30.4	-55.7829
30.5	-55.5467
30.6	-55.4628
30.7	-55.4965
30.8	-55.6233
30.9	-55.8241
31	-55.0871
31.1	-54.1525
31.2	-53.2891
31.3	-52.6778
31.4	-52.2334
31.5	-51.6768
31.6	-51.2399
31.7	-50.8813
31.8	-50.5788
31.9	-50.3206
32	-50.1019
32.1	-49.4731
32.2	-48.8808
32.3	-48.2525
32.4	-47.3141
32.5	-46.1568
32.6	-44.522
32.7	-41.8606
32.8	-36.5821
32.9	-22.6312
33	5.21589
33.1	-11.4919
33.2	-34.0386
33.3	-46.8228
33.4	-55.3457
33.5	-59.7103
33.6	-61.7683
33.7	-62.6824
33.8	-63.2581
33.9	-63.6555
34	-63.9524
34.1	-64.1887
34.2	-64.3859
34.3	-64.5558
34.4	-64.7053
34.5	-64.8385
34.6	-64.9579
34.7	-65.0652
34.8	-64.8726
34.9	-64.1901
35	-63.7554
35.1	-63.496
35.2	-63.3604
35.3	-63.3121
35.4	-63.3243
35.5	-62.2553
35.6	-61.5747
35.7	-61.1672
35.8	-60.9537
35.9	-60.8781
36	-60.6287
36.1	-59.9915
36.2	-59.6255
36.3	-59.1865
36.4	-58.9636
36.5	-58.8956
36.6	-58.9396
36.7	-59.0645
36.8	-58.7191
36.9	-58.5651
37	-57.5087
37.1	-55.8409
37.2	-54.4764
37.3	-53.2658
37.4	-52.326
37.5	-51.5163
37.6	-50.5169
37.7	-49.4602
37.8	-48.1628
37.9	-46.3051
38	-43.0806
38.1	-35.5306
38.2	-7.73458
38.3	23.8658
38.4	-17.1604
38.5	-36.1026
38.6	-49.406
38.7	-58.1847
38.8	-62.3735
38.9	-64.3897
39	-65.191
39.1	-65.1154
39.2	-65.0932
39.3	-65.1079
39.4	-65.1482
39.5	-65.2056
39.6	-65.2737
39.7	-64.7778
39.8	-64.2015
39.9	-63.862
40	-63.4046
40.1	-63.154
40.2	-63.0461
40.3	-61.9281
40.4	-61.2478
40.5	-60.8699
40.6	-60.1662
40.7	-59.7818
40.8	-59.0924
40.9	-58.7234
41	-58.5783
41.1	-58.5921
41.2	-58.7195
41.3	-58.405
41.4	-58.2979
41.5	-58.337
41.6	-58.4804
41.7	-58.4366
41.8	-58.2581
41.9	-58.2428
42	-58.3431
42.1	-58.2653
42.2	-58.3194
42.3	-58.4667
42.4	-58.6794
42.5	-58.9369
42.6	-59.2229
42.7	-59.2595
42.8	-58.8515
42.9	-58.3954
43	-58.1671
43.1	-58.1014
43.2	-57.6359
43.3	-56.6371
43.4	-56.0184
43.5	-55.6608
43.6	-55.4932
43.7	-55.4692
43.8	-54.8175
43.9	-54.4289
44	-54.2238
44.1	-53.9189
44.2	-53.7762
44.3	-53.7591
44.4	-53.8463
44.5	-54.0219
44.6	-54.273
44.7	-54.5861
44.8	-54.948
44.9	-55.3468
45	-55.7697
45.1	-56.2069
45.2	-56.144
45.3	-56.2123
45.4	-56.3729
45.5	-56.3476
45.6	-56.4376
45.7	-56.3576
45.8	-56.1529
45.9	-56.1075
46	-55.9267
46.1	-55.6479
46.2	-55.5453
46.3	-55.5713
46.4	-55.6946
46.5	-55.8922
46.6	-55.6441
46.7	-55.5657
46.8	-55.6092
46.9	-55.7446
47	-55.9497
47.1	-55.9551
47.2	-56.0628
47.3	-56.2447
47.4	-56.4812
47.5	-56.5033
47.6	-56.1139
47.7	-55.9265
47.8	-55.137
47.9	-54.6486
48	-53.8831
48.1	-53.3821
48.2	-53.0643
48.3	-52.8825
48.4	-52.8109
48.5	-52.8328
48.6	-52.9362
48.7	-52.6379
48.8	-52.491
48.9	-52.4543
49	-52.5096
49.1	-52.6453
49.2	-52.8526
49.3	-52.8839
49.4	-53.0141
49.5	-52.5117
49.6	-52.2174
49.7	-52.0659
49.8	-52.0271
49.9	-52.083
50	-51.988
50.1	-52.0067
50.2	-52.1156
50.3	-52.3018
50.4	-52.5552
50.5	-52.6313
50.6	-52.8034
50.7	-52.8116
50.8	-52.9286
50.9	-53.1286
51	-53.3955
51.1	-53.7166
51.2	-54.0785
51.3	-54.4713
51.4	-54.1516
51.5	-53.5448
51.6	-53.1913
51.7	-52.7776
51.8	-52.5481
51.9	-52.4548
52	-52.4696
52.1	-52.1056
52.2	-51.6748
52.3	-51.4039
52.4	-51.2488
52.5	-51.1886
52.6	-51.2111
52.7	-51.3082
52.8	-51.4739
52.9	-51.7031
53	-51.9906
53.1	-52.3298
53.2	-52.7123
53.3	-53.1305
53.4	-53.5745
53.5	-53.7947
53.6	-53.8389
53.7	-53.9867
53.8	-54.2098
53.9	-54.4902
54	-54.3232
54.1	-54.0656
54.2	-53.9766
54.3	-54.0106
54.4	-54.139
54.5	-54.3413
54.6	-54.6004
54.7	-54.9029
54.8	-55.2378
54.9	-55.5946
55	-55.9655
55.1	-56.343
55.2	-56.4677
55.3	-56.4029
55.4	-56.4506
55.5	-56.3253
55.6	-56.3264
55.7	-56.4191
55.8	-56.5794
55.9	-56.7892
56	-56.5237
56.1	-55.6641
56.2	-55.1239
56.3	-54.5585
56.4	-53.9696
56.5	-53.1151
56.6	-52.512
56.7	-52.0728
56.8	-51.7488
56.9	-51.5132
57	-51.3489
57.1	-51.2475
57.2	-51.2047
57.3	-51.2183
57.4	-51.2874
57.5	-51.4115
57.6	-51.1298
57.7	-50.966
57.8	-50.6575
57.9	-50.4465
58	-49.6377
58.1	-48.5149
58.2	-46.9986
58.3	-45.2757
58.4	-42.8517
58.5	-38.4311
58.6	-27.9885
58.7	-1.97861
58.8	-2.30438
58.9	-27.7242
59	-41.4829
59.1	-51.215
59.2	-57.2399
59.3	-60.3906
59.4	-61.9627
59.5	-61.9128
59.6	-61.964
59.7	-61.5548
59.8	-61.3909
59.9	-60.5911
60	-60.1814
60.1	-60.0265
60.2	-60.0403
60.3	-60.1659
60.4	-60.3644
60.5	-60.6085
60.6	-60.8789
60.7	-60.6214
60.8	-60.5384
60.9	-60.5752
61	-60.6937
61.1	-60.8666
61.2	-60.8026
61.3	-60.8424
61.4	-60.9531
61.5	-61.1114
61.6	-61.0268
61.7	-60.7711
61.8	-60.6687
61.9	-60.6742
62	-60.7555
62.1	-60.8888
62.2	-61.0569
62.3	-61.2467
62.4	-60.9005
62.5	-60.7249
62.6	-60.6704
62.7	-60.1603
62.8	-58.0238
62.9	-56.6209
63	-55.6928
63.1	-55.0804
63.2	-54.443
63.3	-54.0167
63.4	-53.264
63.5	-52.7069
63.6	-52.2725
63.7	-51.9221
63.8	-51.6367
63.9	-51.4023
64	-51.2126
64.1	-51.0661
64.2	-50.9632
64.3	-50.9046
64.4	-50.4418
64.5	-50.0555
64.6	-49.258
64.7	-48.4645
64.8	-47.5589
64.9	-46.4046
65	-44.7559
65.1	-42.0367
65.2	-36.53
65.3	-21.2887
65.4	8.96817
65.5	-9.24035
65.6	-33.4244
65.7	-46.2574
65.8	-54.8891
65.9	-59.4035
66	-61.8081
66.1	-63.1757
66.2	-63.4891
66.3	-63.7306
66.4	-63.9344
66.5	-64.1164
66.6	-64.2842
66.7	-64.1603
66.8	-64.1248
66.9	-63.5856
67	-63.2773
67.1	-63.1274
67.2	-62.2532
67.3	-61.7317
67.4	-61.4547
67.5	-61.3476
67.6	-61.3586
67.7	-61.4504
67.8	-61.3227
67.9	-61.0424
68	-60.9302
68.1	-60.3943
68.2	-60.1085
68.3	-59.9985
68.4	-59.4796
68.5	-59.2102
68.6	-59.1165
68.7	-59.1483
68.8	-59.2696
68.9	-59.4536
69	-59.6804
69.1	-59.667
69.2	-59.7473
69.3	-59.6251
69.4	-59.6257
69.5	-59.4461
69.6	-59.4053
69.7	-59.4631
69.8	-59.3244
69.9	-59.3117
70	-59.3883
70.1	-59.5284
70.2	-59.7126
70.3	-59.9259
70.4	-60.1574
70.5	-60.1282
70.6	-59.9117
70.7	-59.5635
70.8	-59.1256
70.9	-58.8915
71	-58.8039
71.1	-58.823
71.2	-58.9194
71.3	-58.8069
71.4	-58.5447
71.5	-57.6565
71.6	-57.1026
71.7	-56.7827
71.8	-56.6329
71.9	-56.6108
72	-56.686
72.1	-56.5815
72.2	-56.5983
72.3	-56.7048
72.4	-56.8788
72.5	-56.5934
72.6	-56.4782
72.7	-56.4859
72.8	-56.5857
72.9	-56.7551
73	-56.4674
73.1	-56.0988
73.2	-55.9181
73.3	-55.6249
73.4	-54.5113
73.5	-53.7594
73.6	-53.2405
73.7	-52.8848
73.8	-52.4163
73.9	-52.0819
74	-51.8449
74.1	-51.6889
74.2	-51.6032
74.3	-51.5838
74.4	-51.1691
74.5	-50.6438
74.6	-50.2126
74.7	-49.6114
74.8	-49.0452
74.9	-48.4556
75	-47.7921
75.1	-46.9877
75.2	-45.9322
75.3	-44.417
75.4	-41.9715
75.5	-37.2955
75.6	-25.9224
75.7	-0.298498
75.8	-6.76933
75.9	-30.7141
76	-44.0294
76.1	-53.3649
76.2	-58.8471
76.3	-61.8634
76.4	-63.593
76.5	-64.6429
76.6	-65.3111
76.7	-65.7518
76.8	-66.0495
76.9	-66.2535
77	-66.3941
77.1	-66.4904
77.2	-66.5552
77.3	-66.597
77.4	-66.6218
77.5	-66.634
77.6	-66.6367
77.7	-66.632
77.8	-66.6217
77.9	-66.6071
78	-66.589
78.1	-66.5683
78.2	-66.248
78.3	-66.0199
78.4	-65.8592
78.5	-65.7477
78.6	-65.6719
78.7	-65.6219
78.8	-65.5904
78.9	-65.5719
79	-65.5623
79.1	-65.5587
79.2	-65.559
79.3	-65.5617
79.4	-65.5654
79.5	-65.5695
79.6	-65.5734
79.7	-65.5768
79.8	-65.5793
79.9	-65.5808
80	-65.5812
80.1	-65.5806
80.2	-65.5788
80.3	-65.576
80.4	-65.5722
80.5	-65.5673
80.6	-65.5616
80.7	-65.5551
80.8	-65.5478
80.9	-65.5398
81	-65.5312
81.1	-65.522
81.2	-65.5123
81.3	-65.5021
81.4	-65.4915
81.5	-65.4806
81.6	-65.4694
81.7	-65.4579
81.8	-65.4462
81.9	-65.4344
82	-65.4223
82.1	-65.4102
82.2	-65.398
82.3	-65.3857
82.4	-65.3735
82.5	-65.3611
82.6	-65.3489
82.7	-65.3366
82.8	-65.3244
82.9	-65.3123
83	-65.3002
83.1	-65.2883
83.2	-65.2764
83.3	-65.2647
83.4	-65.2531
83.5	-65.2416
83.6	-65.2303
83.7	-65.2191
83.8	-65.2081
83.9	-65.1972
84	-65.1866
84.1	-65.176
84.2	-65.1657
84.3	-65.1556
84.4	-65.1456
84.5	-65.1358
84.6	-65.1262
84.7	-65.1168
84.8	-65.1075
84.9	-65.0985
85	-65.0896
85.1	-65.0809
85.2	-65.0724
85.3	-65.0641
85.4	-65.056
85.5	-65.048
85.6	-65.0403
85.7	-65.0327
85.8	-64.4399
85.9	-64.0225
86	-63.4467
86.1	-63.0524
86.2	-62.791
86.3	-62.6277
86.4	-62.5368
86.5	-62.4991
86.6	-62.5003
86.7	-62.5299
86.8	-62.5797
86.9	-62.6437
87	-62.7172
87.1	-62.7968
87.2	-62.8798
87.3	-62.9642
87.4	-63.0488
87.5	-63.1323
87.6	-63.2141
87.7	-63.2936
87.8	-63.3705
87.9	-63.4445
88	-63.5154
88.1	-63.5832
88.2	-63.361
88.3	-63.22
88.4	-63.1385
88.5	-63.1007
88.6	-63.0948
88.7	-63.112
88.8	-63.1457
88.9	-63.1909
89	-63.2438
89.1	-63.3017
89.2	-63.3624
89.3	-63.4245
89.4	-63.4867
89.5	-63.5483
89.6	-63.6086
89.7	-63.6672
89.8	-63.7239
89.9	-63.7784
90	-63.8307
90.1	-63.8806
90.2	-63.9284
90.3	-63.9738
90.4	-64.017
90.5	-64.0581
90.6	-64.0971
90.7	-64.134
90.8	-64.1691
90.9	-64.2023
91	-64.2337
91.1	-64.2634
91.2	-64.2915
91.3	-64.3181
91.4	-64.3432
91.5	-64.3669
91.6	-64.3893
91.7	-64.4105
91.8	-64.1398
91.9	-63.9539
92	-63.8304
92.1	-63.7533
92.2	-63.7104
92.3	-63.6926
92.4	-63.4061
92.5	-63.2173
92.6	-63.1005
92.7	-63.0366
92.8	-63.0118
92.9	-63.0155
93	-63.0399
93.1	-63.0788
93.2	-63.1279
93.3	-63.1839
93.4	-63.2441
93.5	-63.3067
93.6	-63.3703
93.7	-63.4339
93.8	-63.4966
93.9	-63.5579
94	-63.6175
94.1	-63.6751
94.2	-63.7305
94.3	-63.7837
94.4	-63.8345
94.5	-63.8831
94.6	-63.9295
94.7	-63.3978
94.8	-63.0348
94.9	-62.7954
95	-62.647
95.1	-62.5658
95.2	-62.5339
95.3	-62.5381
95.4	-62.5685
95.5	-62.6175
95.6	-62.6795
95.7	-62.7502
95.8	-62.5432
95.9	-62.4218
96	-62.363
96.1	-62.3499
96.2	-62.3702
96.3	-62.4143
96.4	-62.4753
96.5	-62.5479
96.6	-62.628
96.7	-62.4301
96.8	-62.3167
96.9	-62.265
97	-62.2583
97.1	-62.2844
97.2	-62.3339
97.3	-62.3999
97.4	-62.1955
97.5	-62.0802
97.6	-62.0298
97.7	-62.0269
97.8	-62.0585
97.9	-62.1146
98	-62.188
98.1	-62.2731
98.2	-62.3656
98.3	-62.4626
98.4	-62.5616
98.5	-62.6609
98.6	-62.7591
98.7	-62.8554
98.8	-62.9491
98.9	-63.0398
99	-63.1271
99.1	-63.2109
99.2	-63.2912
99.3	-63.3679
99.4	-63.441
99.5	-63.5107
99.6	-63.5768
99.7	-63.6397
99.8	-63.6994
99.9	-63.756
100	-63.8097
100.1	-63.8605
100.2	-63.9087
100.3	-63.9544
100.4	-63.9976
100.5	-64.0385
100.6	-64.0773
100.7	-64.114
100.8	-64.1487
100.9	-64.1816
101	-64.2126
101.1	-64.242
101.2	-64.2698
101.3	-64.2961
101.4	-64.321
101.5	-64.3445
101.6	-64.3667
101.7	-64.3877
101.8	-64.4076
101.9	-64.4263
102	-64.4441
102.1	-64.4609
102.2	-64.4768
102.3	-64.4918
102.4	-64.506
102.5	-64.5194
102.6	-64.5321
102.7	-64.5441
102.8	-64.5554
102.9	-64.5661
103	-64.5762
103.1	-64.5858
103.2	-64.5949
103.3	-64.6034
103.4	-64.6115
103.5	-64.6192
103.6	-64.6264
103.7	-64.6333
103.8	-64.6397
103.9	-64.6458
104	-64.6516
104.1	-64.6571
104.2	-64.6622
104.3	-64.6671
104.4	-64.6717
104.5	-64.6761
104.6	-64.6802
104.7	-64.3922
104.8	-64.1901
104.9	-64.0519
105	-63.961
105.1	-63.9052
105.2	-63.8754
105.3	-63.8647
105.4	-63.8679
105.5	-63.8812
105.6	-63.9016
105.7	-63.9269
105.8	-63.9555
105.9	-63.9861
106	-64.0177
106.1	-64.0498
106.2	-64.0818
106.3	-64.1133
106.4	-64.1442
106.5	-64.1741
106.6	-63.9134
106.7	-63.7368
106.8	-63.6224
106.9	-63.5539
107	-63.5194
107.1	-63.5097
107.2	-63.5182
107.3	-63.5397
107.4	-63.5703
107.5	-63.6071
107.6	-62.7908
107.7	-62.2329
107.8	-61.8625
107.9	-61.6295
108	-61.4977
108.1	-61.4403
108.2	-61.438
108.3	-61.4758
108.4	-61.5426
108.5	-61.6301
108.6	-61.7316
108.7	-61.8425
108.8	-61.9589
108.9	-62.078
109	-62.1976
109.1	-62.3161
109.2	-62.4326
109.3	-62.5461
109.4	-62.6561
109.5	-62.7623
109.6	-62.8642
109.7	-62.9619
109.8	-63.0552
109.9	-63.1442
110	-63.2291
