#label:
#1101
-20	-65
-19.9	-64.6186
-19.8	-64.2565
-19.7	-63.9126
-19.6	-63.5856
-19.5	-63.2747
-19.4	-62.979
-19.3	-62.6975
-19.2	-62.4295
-19.1	-62.1744
-19	-61.9312
-18.9	-61.6995
-18.8	-61.4786
-18.7	-61.2679
-18.6	-61.0669
-18.5	-60.8753
-18.4	-60.6923
-18.3	-60.5176
-18.2	-60.3508
-18.1	-60.1918
-18	-60.029
-17.9	-59.8761
-17.8	-59.7319
-17.7	-59.5956
-17.6	-59.4667
-17.5	-59.3445
-17.4	-59.2285
-17.3	-59.1181
-17.2	-58.992
-17.1	-58.8661
-17	-58.7416
-16.9	-58.6193
-16.8	-58.4997
-16.7	-58.3938
-16.6	-58.2988
-16.5	-58.2024
-16.4	-58.1062
-16.3	-58.0214
-16.2	-57.9148
-16.1	-57.7929
-16	-57.6809
-15.9	-57.5666
-15.8	-57.462
-15.7	-57.3243
-15.6	-57.1832
-15.5	-57.0501
-15.4	-56.9036
-15.3	-56.779
-15.2	-56.681
-15.1	-56.6037
-15	-56.5327
-14.9	-56.4671
-14.8	-56.4066
-14.7	-56.3505
-14.6	-56.299
-14.5	-56.2413
-14.4	-56.1994
-14.3	-56.16
-14.2	-56.1228
-14.1	-56.066
-14	-56.0145
-13.9	-55.9572
-13.8	-55.9128
-13.7	-55.8764
-13.6	-55.7836
-13.5	-55.6976
-13.4	-55.5857
-13.3	-55.4393
-13.2	-55.2387
-13.1	-54.867
-13	-54.2409
-12.9	-54.1918
-12.8	-54.251
-12.7	-54.858
-12.6	-55.2847
-12.5	-55.5309
-12.4	-55.6359
-12.3	-55.6724
-12.2	-55.6768
-12.1	-55.6749
-12	-55.6617
-11.9	-55.6509
-11.8	-55.6419
-11.7	-55.6139
-11.6	-55.5802
-11.5	-55.5336
-11.4	-55.4674
-11.3	-55.3556
-11.2	-55.1678
-11.1	-54.7737
-11	-54.4659
-10.9	-54.4752
-10.8	-54.8785
-10.7	-55.3935
-10.6	-55.7507
-10.5	-55.9669
-10.4	-56.0804
-10.3	-56.1189
-10.2	-56.1334
-10.1	-56.1332
-10	-56.1358
-9.9	-56.1209
-9.8	-56.1134
-9.7	-56.0914
-9.6	-56.0491
-9.5	-56.0091
-9.4	-55.9496
-9.3	-55.8951
-9.2	-55.8128
-9.1	-55.7189
-9	-55.6352
-8.9	-55.548
-8.8	-55.4625
-8.7	-55.3538
-8.6	-55.2496
-8.5	-55.1156
-8.4	-54.9283
-8.3	-54.6199
-8.2	-53.9048
-8.1	-53.7255
-8	-53.5532
-7.9	-53.8939
-7.8	-54.0304
-7.7	-53.7248
-7.6	-53.7954
-7.5	-53.7845
-7.4	-54.2683
-7.3	-54.5382
-7.2	-54.6257
-7.1	-54.4519
-7	-53.9303
-6.9	-53.9157
-6.8	-53.8834
-6.7	-54.5016
-6.6	-54.8418
-6.5	-54.9741
-6.4	-54.8564
-6.3	-54.2979
-6.2	-54.2448
-6.1	-54.2106
-6	-54.7455
-5.9	-55.1915
-5.8	-55.4331
-5.7	-55.4995
-5.6	-55.4239
-5.5	-55.2499
-5.4	-54.9242
-5.3	-54.3028
-5.2	-54.1836
-5.1	-54.0612
-5	-54.5117
-4.9	-54.7016
-4.8	-54.5214
-4.7	-54.3159
-4.6	-54.3312
-4.5	-54.6875
-4.4	-55.1572
-4.3	-55.4011
-4.2	-55.3853
-4.1	-54.9424
-4	-54.8091
-3.9	-54.7866
-3.8	-55.2554
-3.7	-55.7143
-3.6	-56.0082
-3.5	-56.1324
-3.4	-56.1467
-3.3	-56.1067
-3.2	-56.0331
-3.1	-55.9524
-3	-55.8302
-2.9	-55.6721
-2.8	-55.4249
-2.7	-55.0149
-2.6	-54.1816
-2.5	-53.9121
-2.4	-53.397
-2.3	-53.7057
-2.2	-54.1602
-2.1	-54.8382
-2	-55.453
-1.9	-55.8377
-1.8	-56.036
-1.7	-56.0938
-1.6	-56.0825
-1.5	-56.0401
-1.4	-55.9884
-1.3	-55.921
-1.2	-55.8225
-1.1	-55.6993
-1	-55.5291
-0.9	-55.2379
-0.8	-54.6485
-0.7	-54.5151
-0.6	-54.4437
-0.5	-54.9006
-0.4	-55.2896
-0.3	-55.5103
-0.2	-55.58
-0.1	-55.554
0	-55.4854
0.1	-55.383
0.2	-55.2344
0.3	-55.0155
0.4	-54.6217
0.5	-53.9949
0.6	-53.8297
0.7	-53.5944
0.8	-53.8247
0.9	-53.6562
1	-53.5722
1.1	-53.5066
1.2	-53.5997
1.3	-53.6464
1.4	-53.87
1.5	-54.1408
1.6	-54.6082
1.7	-54.6807
1.8	-54.4614
1.9	-54.5398
2	-54.6367
2.1	-55.1496
2.2	-55.4147
2.3	-55.388
2.4	-54.8949
2.5	-54.8153
2.6	-54.7309
2.7	-55.0845
2.8	-55.2093
2.9	-55.0913
3	-55.2221
3.1	-55.4475
3.2	-56.0086
3.3	-56.3675
3.4	-56.5933
3.5	-56.6397
3.6	-56.5881
3.7	-56.4757
3.8	-56.1792
3.9	-55.8779
4	-55.4954
4.1	-55.1186
4.2	-54.7499
4.3	-54.2867
4.4	-53.5745
4.5	-52.4297
4.6	-50.685
4.7	-49.1777
4.8	-47.2025
4.9	-46.4677
5	-45.4734
5.1	-43.5319
5.2	-42.0478
5.3	-39.6294
5.4	-37.8459
5.5	-37.9304
5.6	-39.3649
5.7	-40.4901
5.8	-44.4011
5.9	-47.9515
6	-52.3688
6.1	-55.7868
6.2	-58.3227
6.3	-59.3742
6.4	-59.6064
6.5	-59.5218
6.6	-59.1876
6.7	-58.6085
6.8	-58.1431
6.9	-57.674
7	-57.1985
7.1	-56.5953
7.2	-55.6314
7.3	-54.3816
7.4	-52.4715
7.5	-51.3078
7.6	-50.3037
7.7	-50.6218
7.8	-51.1877
7.9	-51.3804
8	-50.494
8.1	-48.376
8.2	-46.0071
8.3	-44.9823
8.4	-44.8555
8.5	-46.2724
8.6	-47.1477
8.7	-47.826
8.8	-46.9868
8.9	-47.7642
9	-48.9636
9.1	-50.8949
9.2	-52.7703
9.3	-53.7133
9.4	-53.5837
9.5	-53.1198
9.6	-51.6094
9.7	-49.954
9.8	-48.9091
9.9	-49.8787
10	-51.4578
10.1	-53.3222
10.2	-54.9077
10.3	-55.2801
10.4	-55.4812
10.5	-55.4082
10.6	-55.3283
10.7	-55.8199
10.8	-56.246
10.9	-56.5083
11	-55.9839
11.1	-55.7965
11.2	-55.1235
11.3	-54.925
11.4	-54.5203
11.5	-53.1875
11.6	-52.1946
11.7	-51.3294
11.8	-50.1001
11.9	-49.6079
12	-48.6568
12.1	-47.1307
12.2	-48.0843
12.3	-48.9953
12.4	-51.2455
12.5	-52.654
12.6	-52.6047
12.7	-50.6351
12.8	-49.3965
12.9	-47.3411
13	-48.0225
13.1	-49.333
13.2	-51.7721
13.3	-53.6973
13.4	-54.9535
13.5	-55.3713
13.6	-55.1843
13.7	-55.1835
13.8	-55.3972
13.9	-56.0063
14	-56.8423
14.1	-57.0767
14.2	-56.8763
14.3	-56.264
14.4	-55.3524
14.5	-53.7843
14.6	-52.5995
14.7	-51.6366
14.8	-50.8588
14.9	-51.0906
15	-50.884
15.1	-51.7259
15.2	-52.0861
15.3	-52.0186
15.4	-51.6745
15.5	-51.675
15.6	-51.7344
15.7	-51.4576
15.8	-50.2108
15.9	-49.9447
16	-48.9999
16.1	-48.6366
16.2	-47.5136
16.3	-47.4498
16.4	-48.5323
16.5	-50.5411
16.6	-52.2639
16.7	-53.2985
16.8	-53.6198
16.9	-53.9889
17	-54.3065
17.1	-54.6923
17.2	-54.9878
17.3	-54.9456
17.4	-55.1496
17.5	-54.5821
17.6	-54.3932
17.7	-54.6336
17.8	-54.9332
17.9	-55.694
18	-55.8722
18.1	-55.0902
18.2	-54.6851
18.3	-53.5238
18.4	-53.4636
18.5	-52.959
18.6	-53.2298
18.7	-53.0415
18.8	-52.7702
18.9	-52.5935
19	-53.0117
19.1	-53.4862
19.2	-54.2172
19.3	-54.3196
19.4	-53.7911
19.5	-52.5559
19.6	-50.6039
19.7	-49.0781
19.8	-48.2254
19.9	-47.9695
20	-48.0986
20.1	-48.1276
20.2	-47.5416
20.3	-47.6418
20.4	-48.2836
20.5	-49.7567
20.6	-50.8563
20.7	-51.9208
20.8	-51.3038
20.9	-51.3739
21	-50.9697
21.1	-50.7394
21.2	-50.8369
21.3	-51.417
21.4	-52.2956
21.5	-53.6526
21.6	-54.3035
21.7	-54.5168
21.8	-54.3883
21.9	-54.2109
22	-54.7097
22.1	-55.2838
22.2	-55.7895
22.3	-55.9603
22.4	-55.5065
22.5	-55.129
22.6	-54.2863
22.7	-53.7718
22.8	-52.8885
22.9	-52.1776
23	-52.0246
23.1	-52.6777
23.2	-53.3484
23.3	-53.81
23.4	-54.1709
23.5	-53.4613
23.6	-53.5571
23.7	-53.1061
23.8	-53.1846
23.9	-53.1003
24	-52.6381
24.1	-52.8925
24.2	-52.834
24.3	-53.5954
24.4	-53.8993
24.5	-53.2815
24.6	-52.5471
24.7	-50.8478
24.8	-49.809
24.9	-49.0117
25	-48.9012
25.1	-49.8557
25.2	-50.8429
25.3	-51.4731
25.4	-50.8614
25.5	-50.6688
25.6	-50.1825
25.7	-51.0056
25.8	-51.054
25.9	-51.1866
26	-51.1546
26.1	-50.9795
26.2	-52.0879
26.3	-52.644
26.4	-53.488
26.5	-54.0453
26.6	-54.0955
26.7	-53.8033
26.8	-52.9643
26.9	-52.6954
27	-52.1604
27.1	-52.7669
27.2	-52.8476
27.3	-53.3226
27.4	-52.7942
27.5	-52.7215
27.6	-52.9242
27.7	-53.3447
27.8	-53.965
27.9	-53.5465
28	-52.7598
28.1	-51.9676
28.2	-51.0978
28.3	-51.5565
28.4	-51.4034
28.5	-52.1905
28.6	-52.4743
28.7	-52.7998
28.8	-52.1588
28.9	-52.6024
29	-52.4395
29.1	-53.6197
29.2	-54.3671
29.3	-55.1757
29.4	-55.167
29.5	-54.5606
29.6	-52.7706
29.7	-51.4648
29.8	-50.5664
29.9	-50.1096
30	-49.8399
30.1	-50.3057
30.2	-50.6146
30.3	-50.7664
30.4	-50.5773
30.5	-50.3427
30.6	-49.458
30.7	-50.2618
30.8	-51.3511
30.9	-53.076
31	-54.3711
31.1	-54.4028
31.2	-54.6974
31.3	-54.7541
31.4	-55.4799
31.5	-55.6178
31.6	-55.8603
31.7	-55.7637
31.8	-55.9862
31.9	-55.642
32	-55.3608
32.1	-54.9552
32.2	-54.6926
32.3	-53.6813
32.4	-52.8237
32.5	-51.946
32.6	-51.2678
32.7	-52.0065
32.8	-52.6601
32.9	-53.0735
33	-53.2117
33.1	-52.6975
33.2	-51.5201
33.3	-50.3238
33.4	-50.3861
33.5	-50.7383
33.6	-51.6099
33.7	-51.9384
33.8	-51.766
33.9	-51.3221
34	-51.9285
34.1	-51.6886
34.2	-52.7377
34.3	-53.1324
34.4	-53.0028
34.5	-52.1327
34.6	-51.5336
34.7	-50.344
34.8	-48.9479
34.9	-48.4537
35	-48.9415
35.1	-49.3558
35.2	-51.6633
35.3	-52.9958
35.4	-53.9792
35.5	-54.9125
35.6	-55.2943
35.7	-55.1977
35.8	-55.4884
35.9	-55.405
36	-55.4098
36.1	-54.8807
36.2	-54.3183
36.3	-53.6762
36.4	-53.3529
36.5	-53.5852
36.6	-54.1501
36.7	-54.7451
36.8	-55.3263
36.9	-55.1108
37	-54.4729
37.1	-54.0296
37.2	-54.0557
37.3	-54.507
37.4	-54.9846
37.5	-54.5441
37.6	-54.2266
37.7	-53.4553
37.8	-53.4851
37.9	-53.2246
38	-52.9624
38.1	-52.9116
38.2	-52.0136
38.3	-51.3583
38.4	-50.7239
38.5	-49.885
38.6	-49.3549
38.7	-49.3667
38.8	-49.1945
38.9	-49.5736
39	-49.761
39.1	-48.9325
39.2	-49.1394
39.3	-49.7098
39.4	-50.8236
39.5	-51.8296
39.6	-52.7203
39.7	-52.892
39.8	-53.6629
39.9	-54.0829
40	-54.8345
40.1	-54.8189
40.2	-54.1689
40.3	-53.49
40.4	-53.202
40.5	-53.5756
40.6	-54.4848
40.7	-55.0203
40.8	-55.9422
40.9	-56.3398
41	-56.796
41.1	-56.8052
41.2	-56.0902
41.3	-55.8728
41.4	-55.3648
41.5	-55.2156
41.6	-54.5918
41.7	-54.3009
41.8	-53.6624
41.9	-53.0988
42	-52.8874
42.1	-52.1045
42.2	-50.7583
42.3	-50.3475
42.4	-49.8574
42.5	-49.6821
42.6	-50.8149
42.7	-51.3156
42.8	-52.1285
42.9	-52.5818
43	-52.4391
43.1	-51.7977
43.2	-50.8264
43.3	-49.2541
43.4	-47.7524
43.5	-46.7313
43.6	-47.4472
43.7	-49.4202
43.8	-51.5607
43.9	-53.7322
44	-54.5202
44.1	-54.9656
44.2	-55.3541
44.3	-55.5841
44.4	-55.0155
44.5	-54.0702
44.6	-53.0581
44.7	-52.4208
44.8	-52.8691
44.9	-53.102
45	-54.2733
45.1	-55.01
45.2	-55.6982
45.3	-55.6682
45.4	-54.8018
45.5	-54.0047
45.6	-53.5357
45.7	-53.1285
45.8	-53.0494
45.9	-53.1118
46	-52.9539
46.1	-52.8209
46.2	-53.5011
46.3	-53.9704
46.4	-54.6612
46.5	-55.0663
46.6	-55.5301
46.7	-55.6105
46.8	-55.8626
46.9	-55.8529
47	-55.5745
47.1	-54.7455
47.2	-53.5093
47.3	-52.1248
47.4	-51.2687
47.5	-50.9405
47.6	-50.8212
47.7	-51.1371
47.8	-49.9654
47.9	-48.8676
48	-47.6458
48.1	-47.4977
48.2	-48.5204
48.3	-49.6978
48.4	-50.3235
48.5	-50.3544
48.6	-50.1674
48.7	-50.8091
48.8	-52.2052
48.9	-53.9043
49	-54.8653
49.1	-55.4396
49.2	-55.3382
49.3	-55.8384
49.4	-55.8973
49.5	-55.8259
49.6	-55.9166
49.7	-55.6431
49.8	-55.0688
49.9	-54.9288
50	-54.7987
50.1	-54.6068
50.2	-54.315
50.3	-54.1698
50.4	-53.8134
50.5	-53.3004
50.6	-51.6665
50.7	-50.5271
50.8	-49.1355
50.9	-49.1089
51	-49.7373
51.1	-50.5174
51.2	-51.9466
51.3	-52.5633
51.4	-53.7742
51.5	-54.1594
51.6	-54.1159
51.7	-54.0177
51.8	-52.8801
51.9	-52.0482
52	-52.0794
52.1	-52.4479
52.2	-53.521
52.3	-53.3278
52.4	-52.844
52.5	-52.2526
52.6	-51.4709
52.7	-51.184
52.8	-51.0637
52.9	-50.5455
53	-50.8748
53.1	-50.9577
53.2	-52.0734
53.3	-53.0641
53.4	-54.3059
53.5	-55.4167
53.6	-56.6068
53.7	-57.4368
53.8	-57.7319
53.9	-57.7637
54	-57.8235
54.1	-57.8971
54.2	-58.145
54.3	-58.2519
54.4	-58.0655
54.5	-57.4682
54.6	-56.676
54.7	-56.1897
54.8	-55.3991
54.9	-55.5868
55	-55.7473
55.1	-56.1306
55.2	-56.5652
55.3	-56.7626
55.4	-56.7095
55.5	-56.4652
55.6	-56.0467
55.7	-55.2682
55.8	-54.5236
55.9	-53.8981
56	-52.9086
56.1	-52.0376
56.2	-52.1672
56.3	-52.6601
56.4	-54.0949
56.5	-55.2355
56.6	-55.8075
56.7	-55.8196
56.8	-55.1045
56.9	-54.23
57	-53.7638
57.1	-53.8344
57.2	-54.8815
57.3	-55.9394
57.4	-56.9388
57.5	-57.531
57.6	-57.7845
57.7	-57.7166
57.8	-57.188
57.9	-57.2246
58	-57.2462
58.1	-57.8579
58.2	-58.3682
58.3	-58.6977
58.4	-58.8649
58.5	-58.9345
58.6	-58.9305
58.7	-58.867
58.8	-58.6983
58.9	-58.2325
59	-58.0294
59.1	-58.037
59.2	-58.4682
59.3	-59.0043
59.4	-59.3753
59.5	-59.5869
59.6	-59.6966
59.7	-59.7525
59.8	-59.7791
59.9	-59.7884
60	-59.7868
60.1	-59.7778
60.2	-59.7634
60.3	-59.7345
60.4	-59.7054
60.5	-59.6653
60.6	-59.6275
60.7	-59.5913
60.8	-59.5449
60.9	-59.5025
61	-59.4526
61.1	-59.3963
61.2	-59.3465
61.3	-59.2907
61.4	-59.2413
61.5	-59.1856
61.6	-59.1265
61.7	-59.0649
61.8	-59.0005
61.9	-58.9342
62	-58.8668
62.1	-58.8092
62.2	-58.7588
62.3	-58.7139
62.4	-58.6626
62.5	-58.6174
62.6	-58.5769
62.7	-58.5399
62.8	-58.4954
62.9	-58.4459
63	-58.4024
63.1	-58.3528
63.2	-58.3094
63.3	-58.2706
63.4	-58.2155
63.5	-58.1679
63.6	-58.1258
63.7	-58.0879
63.8	-58.0533
63.9	-58.0113
64	-57.9634
64.1	-57.9118
64.2	-57.8672
64.3	-57.8172
64.4	-57.7634
64.5	-57.7177
64.6	-57.6678
64.7	-57.6159
64.8	-57.5716
64.9	-57.533
65	-57.4668
65.1	-57.4126
65.2	-57.3463
65.3	-57.2925
65.4	-57.2377
65.5	-57.1823
65.6	-57.1164
65.7	-57.0633
65.8	-57.0095
65.9	-56.9553
66	-56.8803
66.1	-56.8104
66.2	-56.7437
66.3	-56.6898
66.4	-56.6352
66.5	-56.5905
66.6	-56.5427
66.7	-56.5028
66.8	-56.4683
66.9	-56.4269
67	-56.3902
67.1	-56.3555
67.2	-56.31
67.3	-56.2637
67.4	-56.2007
67.5	-56.1258
67.6	-56.0005
67.7	-55.8072
67.8	-55.3958
67.9	-55.0553
68	-55.0211
68.1	-55.2671
68.2	-55.7192
68.3	-56.0241
68.4	-56.2201
68.5	-56.3318
68.6	-56.3942
68.7	-56.4298
68.8	-56.4507
68.9	-56.443
69	-56.4358
69.1	-56.4197
69.2	-56.4073
69.3	-56.3978
69.4	-56.3906
69.5	-56.3753
69.6	-56.364
69.7	-56.3455
69.8	-56.3116
69.9	-56.2762
70	-56.2394
70.1	-56.2012
70.2	-56.1721
70.3	-56.1394
70.4	-56.114
70.5	-56.0939
70.6	-56.0676
70.7	-56.0359
70.8	-56.0095
70.9	-55.9766
71	-55.9369
71.1	-55.8801
71.2	-55.8278
71.3	-55.7745
71.4	-55.6935
71.5	-55.5985
71.6	-55.4535
71.7	-55.2056
71.8	-54.6661
71.9	-54.6083
72	-54.5722
72.1	-55.0551
72.2	-55.4515
72.3	-55.7108
72.4	-55.8422
72.5	-55.8954
72.6	-55.9132
72.7	-55.9023
72.8	-55.8618
72.9	-55.8102
73	-55.7571
73.1	-55.6993
73.2	-55.6223
73.3	-55.5101
73.4	-55.3702
73.5	-55.138
73.6	-54.6929
73.7	-54.2464
73.8	-54.1438
73.9	-54.2761
74	-54.6019
74.1	-54.4514
74.2	-54.424
74.3	-54.5156
74.4	-55.0037
74.5	-55.5257
74.6	-55.8609
74.7	-56.0173
74.8	-56.0634
74.9	-56.0364
75	-55.9381
75.1	-55.7937
75.2	-55.5739
75.3	-55.1885
75.4	-54.6607
75.5	-54.6001
75.6	-54.6264
75.7	-55.2096
75.8	-55.5559
75.9	-55.7679
76	-55.8674
76.1	-55.8936
76.2	-55.8782
76.3	-55.8358
76.4	-55.7737
76.5	-55.6923
76.6	-55.6014
76.7	-55.4888
76.8	-55.328
76.9	-55.0245
77	-54.4914
77.1	-54.4443
77.2	-54.3976
77.3	-54.8743
77.4	-55.2129
77.5	-55.4148
77.6	-55.5046
77.7	-55.4962
77.8	-55.3967
77.9	-55.1722
78	-54.7116
78.1	-54.1257
78.2	-53.7911
78.3	-53.2663
78.4	-52.8626
78.5	-53.185
78.6	-53.5664
78.7	-54.8439
78.8	-55.6683
78.9	-56.1534
79	-56.3592
79.1	-56.3059
79.2	-55.8646
79.3	-55.8419
79.4	-55.866
79.5	-56.3687
79.6	-56.8238
79.7	-57.1184
79.8	-57.2863
79.9	-57.3519
80	-57.3695
80.1	-57.3385
80.2	-57.3066
80.3	-57.2658
80.4	-57.2293
80.5	-57.1867
80.6	-57.1404
80.7	-57.0801
80.8	-57.0184
80.9	-56.9654
81	-56.889
81.1	-56.7944
81.2	-56.7033
81.3	-56.6121
81.4	-56.5288
81.5	-56.4391
81.6	-56.3416
81.7	-56.2199
81.8	-56.0597
81.9	-55.8659
82	-55.6088
82.1	-55.1363
82.2	-54.171
82.3	-53.5709
82.4	-53.4685
82.5	-53.9332
82.6	-54.9691
82.7	-55.6567
82.8	-56.0513
82.9	-56.2332
83	-56.3004
83.1	-56.308
83.2	-56.2626
83.3	-56.1554
83.4	-56.0517
83.5	-55.9284
83.6	-55.8052
83.7	-55.6772
83.8	-55.5484
83.9	-55.3595
84	-55.1193
84.1	-54.7642
84.2	-54.1063
84.3	-53.9426
84.4	-53.7793
84.5	-54.1011
84.6	-54.3075
84.7	-54.1808
84.8	-53.9078
84.9	-53.9066
85	-54.0288
85.1	-54.447
85.2	-54.6405
85.3	-54.6112
85.4	-54.2185
85.5	-53.7434
85.6	-53.3018
85.7	-53.4238
85.8	-53.8969
85.9	-54.6123
86	-55.1963
86.1	-55.4911
86.2	-55.5213
86.3	-55.1462
86.4	-54.9531
86.5	-54.8983
86.6	-55.1975
86.7	-55.4878
86.8	-55.4133
86.9	-54.7698
87	-54.4326
87.1	-54.4622
87.2	-55.1203
87.3	-56.0726
87.4	-56.717
87.5	-57.1336
87.6	-57.3575
87.7	-57.4693
87.8	-57.4724
87.9	-57.4396
88	-57.3723
88.1	-57.2854
88.2	-57.1755
88.3	-57.0171
88.4	-56.7929
88.5	-56.3539
88.6	-55.9799
88.7	-55.9071
88.8	-56.113
88.9	-56.558
89	-56.842
89.1	-57.0248
89.2	-57.0966
89.3	-57.1197
89.4	-57.1058
89.5	-57.0773
89.6	-57.0303
89.7	-56.9894
89.8	-56.9535
89.9	-56.8817
90	-56.8217
