#label:v(.5)
#1101
0	-65
0.1	-64.9767
0.2	-64.9546
0.3	-64.9336
0.4	-64.9136
0.5	-64.8947
0.6	-64.8768
0.7	-64.8599
0.8	-64.8438
0.9	-64.8285
1	-64.814
1.1	-64.8003
1.2	-64.7873
1.3	-64.775
1.4	-64.7634
1.5	-64.7524
1.6	-64.7419
1.7	-64.732
1.8	-64.7227
1.9	-64.7138
2	-64.7055
2.1	-64.6975
2.2	-64.69
2.3	-64.6829
2.4	-64.6762
2.5	-64.6699
2.6	-64.6639
2.7	-64.6582
2.8	-64.6528
2.9	-64.6477
3	-64.6429
3.1	-64.6384
3.2	-64.6341
3.3	-64.63
3.4	-64.6262
3.5	-64.6226
3.6	-64.6191
3.7	-64.6159
3.8	-64.6128
3.9	-64.6099
4	-64.6072
4.1	-64.6046
4.2	-64.6021
4.3	-64.5998
4.4	-64.5976
4.5	-64.5956
4.6	-64.5936
4.7	-64.5918
4.8	-64.59
4.9	-64.5884
5	-64.5868
5.1	-64.5853
5.2	-64.5839
5.3	-64.5826
5.4	-64.5814
5.5	-64.5802
5.6	-64.5791
5.7	-64.578
5.8	-64.577
5.9	-64.5761
6	-64.5752
6.1	-64.5743
6.2	-64.5735
6.3	-64.5728
6.4	-64.5721
6.5	-64.5714
6.6	-64.5708
6.7	-64.5702
6.8	-64.5696
6.9	-64.569
7	-64.5685
7.1	-64.568
7.2	-64.5676
7.3	-64.5671
7.4	-64.5667
7.5	-64.5663
7.6	-64.566
7.7	-64.5656
7.8	-64.5653
7.9	-64.565
8	-64.5647
8.1	-64.5644
8.2	-64.5641
8.3	-64.5639
8.4	-64.5636
8.5	-64.5634
8.6	-64.5632
8.7	-64.563
8.8	-64.5628
8.9	-64.5626
9	-64.5624
9.1	-64.5623
9.2	-64.5621
9.3	-64.562
9.4	-64.5618
9.5	-64.5617
9.6	-64.5616
9.7	-64.5614
9.8	-64.5613
9.9	-64.5612
10	-64.5611
10.1	-64.561
10.2	-64.5609
10.3	-64.5608
10.4	-64.5608
10.5	-64.5607
10.6	-64.5606
10.7	-64.5605
10.8	-64.5604
10.9	-64.5604
11	-64.5603
11.1	-64.5603
11.2	-64.5602
11.3	-64.5602
11.4	-64.5601
11.5	-64.56
11.6	-64.56
11.7	-64.56
11.8	-64.5599
11.9	-64.5599
12	-64.5598
12.1	-64.5598
12.2	-64.5598
12.3	-64.5597
12.4	-64.5597
12.5	-64.5597
12.6	-64.5596
12.7	-64.5596
12.8	-64.5596
12.9	-64.5596
13	-64.5595
13.1	-64.5595
13.2	-64.5595
13.3	-64.5595
13.4	-64.5594
13.5	-64.5594
13.6	-64.5594
13.7	-64.5594
13.8	-64.5594
13.9	-64.5594
14	-64.5593
14.1	-64.5593
14.2	-64.5593
14.3	-64.5593
14.4	-64.5593
14.5	-64.5593
14.6	-64.5593
14.7	-64.5593
14.8	-64.5592
14.9	-64.5592
15	-64.5592
15.1	-64.5592
15.2	-64.5592
15.3	-64.5592
15.4	-64.5592
15.5	-64.5592
15.6	-64.5592
15.7	-64.5592
15.8	-64.5592
15.9	-64.5592
16	-64.5592
16.1	-64.5592
16.2	-64.5592
16.3	-64.5592
16.4	-64.5592
16.5	-64.5592
16.6	-64.5592
16.7	-64.5592
16.8	-64.5592
16.9	-64.5592
17	-64.5592
17.1	-64.5592
17.2	-64.5592
17.3	-64.5592
17.4	-64.5592
17.5	-64.5592
17.6	-64.5592
17.7	-64.5592
17.8	-64.5592
17.9	-64.5592
18	-64.5592
18.1	-64.5592
18.2	-64.5592
18.3	-64.5592
18.4	-64.5592
18.5	-64.5592
18.6	-64.5592
18.7	-64.5592
18.8	-64.5592
18.9	-64.5592
19	-64.5592
19.1	-64.5592
19.2	-64.5592
19.3	-64.5592
19.4	-64.5592
19.5	-64.5592
19.6	-64.5592
19.7	-64.5592
19.8	-64.5592
19.9	-64.5592
20	-64.5592
20.1	-64.5592
20.2	-64.5592
20.3	-64.5592
20.4	-64.5592
20.5	-64.5593
20.6	-64.5593
20.7	-64.5593
20.8	-64.5593
20.9	-64.5593
21	-64.5593
21.1	-64.5593
21.2	-64.5593
21.3	-64.5593
21.4	-64.5593
21.5	-64.5593
21.6	-64.5593
21.7	-64.5593
21.8	-64.5593
21.9	-64.5594
22	-64.5594
22.1	-64.5594
22.2	-64.5594
22.3	-64.5594
22.4	-64.5594
22.5	-64.5594
22.6	-64.5594
22.7	-64.5594
22.8	-64.5594
22.9	-64.5594
23	-64.5594
23.1	-64.5595
23.2	-64.5595
23.3	-64.5595
23.4	-64.5595
23.5	-64.5595
23.6	-64.5595
23.7	-64.5595
23.8	-64.5595
23.9	-64.5595
24	-64.5595
24.1	-64.5596
24.2	-64.2683
24.3	-64.0633
24.4	-63.9221
24.5	-63.8284
24.6	-63.77
24.7	-63.7377
24.8	-63.7247
24.9	-63.7257
25	-63.7369
25.1	-63.7554
25.2	-63.4912
25.3	-63.3151
25.4	-63.2039
25.5	-63.1406
25.6	-63.1125
25.7	-63.1103
25.8	-63.1268
25.9	-62.0258
26	-61.2741
26.1	-60.7727
26.2	-60.4533
26.3	-60.2677
26.4	-60.1811
26.5	-60.1681
26.6	-60.2094
26.7	-60.2909
26.8	-60.4015
26.9	-60.5324
27	-60.677
27.1	-60.8302
27.2	-60.9881
27.3	-61.1478
27.4	-61.3068
27.5	-61.4635
27.6	-61.6165
27.7	-61.7651
27.8	-61.9086
27.9	-62.0466
28	-60.7917
28.1	-59.9477
28.2	-59.394
28.3	-59.0497
28.4	-58.8583
28.5	-58.7806
28.6	-58.7879
28.7	-58.8587
28.8	-58.9766
28.9	-59.1289
29	-59.3055
29.1	-59.4987
29.2	-59.7024
29.3	-59.9116
29.4	-60.1223
29.5	-60.3318
29.6	-60.5381
29.7	-60.7392
29.8	-60.9342
29.9	-61.1223
30	-61.3031
30.1	-61.4761
30.2	-61.6413
30.3	-61.7987
30.4	-61.9485
30.5	-60.7056
30.6	-59.8723
30.7	-59.3286
30.8	-58.9933
30.9	-58.8105
31	-58.7405
31.1	-58.7545
31.2	-58.8311
31.3	-58.9539
31.4	-59.11
31.5	-56.6785
31.6	-55.0211
31.7	-52.8689
31.8	-51.1487
31.9	-49.4738
32	-47.4333
32.1	-44.2315
32.2	-37.1479
32.3	-10.5812
32.4	31.9638
32.5	-15.57
32.6	-34.9488
32.7	-48.9009
32.8	-58.1527
32.9	-62.3074
33	-64.1716
33.1	-64.8463
33.2	-65.219
33.3	-65.4464
33.4	-65.5984
33.5	-65.7086
33.6	-65.7938
33.7	-65.863
33.8	-65.9209
33.9	-65.9702
34	-66.0125
34.1	-66.0487
34.2	-66.0793
34.3	-66.105
34.4	-66.1259
34.5	-66.1425
34.6	-66.155
34.7	-66.1637
34.8	-66.169
34.9	-66.171
35	-66.1701
35.1	-66.1664
35.2	-66.1604
35.3	-66.1521
35.4	-66.1419
35.5	-64.3745
35.6	-63.1802
35.7	-62.3893
35.8	-61.8849
35.9	-61.5854
36	-61.4331
36.1	-61.3866
36.2	-61.4157
36.3	-61.4982
36.4	-61.6175
36.5	-61.7611
36.6	-61.9196
36.7	-62.0862
36.8	-62.2556
36.9	-62.4241
37	-62.5891
37.1	-62.7487
37.2	-62.9016
37.3	-63.0471
37.4	-63.1847
37.5	-63.3143
37.6	-61.7475
37.7	-60.7021
37.8	-60.0215
37.9	-59.6
38	-59.3656
38.1	-59.2677
38.2	-59.27
38.3	-59.3461
38.4	-59.4759
38.5	-59.6441
38.6	-59.8384
38.7	-60.0495
38.8	-60.2702
38.9	-59.4176
39	-58.8813
39.1	-58.5682
39.2	-58.4167
39.3	-58.3843
39.4	-58.4402
39.5	-58.5614
39.6	-58.7301
39.7	-58.9328
39.8	-59.1582
39.9	-59.3976
40	-59.6447
40.1	-59.8941
40.2	-60.1419
40.3	-60.3851
40.4	-60.6217
40.5	-60.8501
40.6	-61.0695
40.7	-61.2792
40.8	-61.4788
40.9	-61.6683
41	-61.8479
41.1	-62.0177
41.2	-62.178
41.3	-62.3291
41.4	-62.4715
41.5	-62.6055
41.6	-62.7316
41.7	-61.7265
41.8	-61.0541
41.9	-59.269
42	-58.0694
42.1	-57.2679
42.2	-56.7434
42.3	-56.4177
42.4	-56.2414
42.5	-55.1792
42.6	-54.4384
42.7	-53.9038
42.8	-53.5134
42.9	-53.2326
43	-53.0403
43.1	-52.9248
43.2	-52.8805
43.3	-52.904
43.4	-52.9933
43.5	-53.1461
43.6	-53.3595
43.7	-53.6295
43.8	-53.9481
43.9	-54.3076
44	-54.6992
44.1	-55.1133
44.2	-55.5412
44.3	-55.9747
44.4	-56.4068
44.5	-56.8327
44.6	-57.2474
44.7	-57.6487
44.8	-58.034
44.9	-58.4024
45	-58.7531
45.1	-59.0862
45.2	-59.4016
45.3	-59.6999
45.4	-59.9817
45.5	-60.2474
45.6	-60.4981
45.7	-60.7343
45.8	-60.9568
45.9	-61.1664
46	-61.3639
46.1	-61.5498
46.2	-61.7248
46.3	-61.8897
46.4	-62.045
46.5	-62.1913
46.6	-62.329
46.7	-62.4588
46.8	-62.2992
46.9	-62.2151
47	-60.524
47.1	-57.7963
47.2	-55.9457
47.3	-54.6379
47.4	-53.6555
47.5	-52.8626
47.6	-52.1719
47.7	-51.5216
47.8	-50.8601
47.9	-50.1333
48	-49.2675
48.1	-48.1399
48.2	-46.5081
48.3	-43.7672
48.4	-37.8935
48.5	-19.0285
48.6	25.2932
48.7	-8.43364
48.8	-34.6043
48.9	-48.9272
49	-58.6133
49.1	-63.1198
49.2	-65.2224
49.3	-66.2956
49.4	-66.8821
49.5	-67.2141
49.6	-67.4017
49.7	-67.2113
49.8	-67.0722
49.9	-66.968
50	-65.7212
50.1	-64.903
50.2	-64.3789
50.3	-64.059
50.4	-63.8815
50.5	-63.8031
50.6	-63.7932
50.7	-63.8299
50.8	-62.2114
50.9	-61.1717
51	-60.5318
51.1	-60.1714
51.2	-58.6864
51.3	-57.7544
51.4	-57.1946
51.5	-56.896
51.6	-56.7868
51.7	-56.8201
51.8	-56.9618
51.9	-57.1857
52	-57.4705
52.1	-57.7976
52.2	-58.1521
52.3	-58.5219
52.4	-56.3246
52.5	-54.8882
52.6	-53.9151
52.7	-53.2301
52.8	-52.7357
52.9	-52.3778
53	-52.125
53.1	-51.962
53.2	-51.8822
53.3	-51.8835
53.4	-51.9652
53.5	-52.127
53.6	-51.4433
53.7	-50.9576
53.8	-50.3615
53.9	-49.8605
54	-49.4014
54.1	-48.9546
54.2	-48.4924
54.3	-47.9837
54.4	-47.3918
54.5	-46.6552
54.6	-44.8661
54.7	-42.3482
54.8	-37.7657
54.9	-26.7765
55	-0.733705
55.1	-6.1333
55.2	-30.7497
55.3	-44.2697
55.4	-53.7833
55.5	-59.2391
55.6	-62.1707
55.7	-63.8232
55.8	-64.8138
55.9	-65.4384
56	-65.8472
56.1	-66.1216
56.2	-66.3086
56.3	-66.4366
56.4	-66.5236
56.5	-66.5814
56.6	-66.6179
56.7	-66.6387
56.8	-66.6478
56.9	-66.648
57	-66.6413
57.1	-66.6293
57.2	-65.1412
57.3	-64.1373
57.4	-63.4758
57.5	-63.0578
57.6	-62.8133
57.7	-62.6926
57.8	-62.6598
57.9	-62.6886
58	-62.7598
58.1	-62.8591
58.2	-62.9763
58.3	-63.1036
58.4	-63.2355
58.5	-63.3681
58.6	-63.4986
58.7	-63.625
58.8	-63.7459
58.9	-62.1634
59	-60.026
59.1	-58.6145
59.2	-56.4117
59.3	-54.899
59.4	-53.7806
59.5	-52.872
59.6	-52.0563
59.7	-51.2442
59.8	-50.345
59.9	-49.2339
60	-47.6706
60.1	-45.0879
60.2	-39.5885
60.3	-20.9959
60.4	35.7339
60.5	-2.11914
60.6	-31.0945
60.7	-45.036
60.8	-56.4203
60.9	-62.0233
61	-64.5235
61.1	-64.7327
61.2	-64.8595
61.3	-64.9574
61.4	-65.0469
61.5	-65.1351
61.6	-65.2239
61.7	-65.313
61.8	-65.401
61.9	-65.4867
62	-65.5688
62.1	-63.931
62.2	-62.8896
62.3	-62.2555
62.4	-61.9025
62.5	-61.7443
62.6	-61.7208
62.7	-61.7897
62.8	-61.9204
62.9	-62.0909
63	-62.0086
63.1	-62.0256
63.2	-62.1101
63.3	-61.1395
63.4	-60.5492
63.5	-59.1601
63.6	-58.2956
63.7	-57.7892
63.8	-57.5346
63.9	-57.4622
64	-57.5243
64.1	-57.6859
64.2	-57.9203
64.3	-58.2064
64.4	-58.5266
64.5	-58.8673
64.6	-59.2176
64.7	-59.569
64.8	-59.9154
64.9	-60.252
65	-60.5759
65.1	-59.5371
65.2	-58.8941
65.3	-58.5266
65.4	-58.3554
65.5	-58.3264
65.6	-58.4007
65.7	-58.55
65.8	-58.7525
65.9	-58.9918
66	-59.2544
66.1	-59.5305
66.2	-59.8126
66.3	-60.0945
66.4	-60.3721
66.5	-60.6425
66.6	-60.9032
66.7	-61.153
66.8	-61.391
66.9	-61.6167
67	-60.7281
67.1	-60.161
67.2	-59.8221
67.3	-59.6475
67.4	-59.5921
67.5	-59.6233
67.6	-59.7169
67.7	-59.8548
67.8	-60.0233
67.9	-60.2121
68	-60.4132
68.1	-60.6206
68.2	-60.8297
68.3	-61.0372
68.4	-61.2407
68.5	-61.1624
68.6	-61.1576
68.7	-61.2049
68.8	-61.2888
68.9	-61.398
69	-61.5239
69.1	-61.6601
69.2	-61.802
69.3	-61.9461
69.4	-62.0896
69.5	-61.1187
69.6	-60.4782
69.7	-60.0733
69.8	-59.8388
69.9	-59.7287
70	-59.7101
70.1	-59.7584
70.2	-59.8554
70.3	-59.9872
70.4	-58.804
70.5	-58.0264
70.6	-57.5304
70.7	-57.2359
70.8	-57.0911
70.9	-57.0589
71	-57.1132
71.1	-57.2344
71.2	-56.384
71.3	-55.8373
71.4	-55.4998
71.5	-55.3165
71.6	-55.2524
71.7	-55.284
71.8	-55.3934
71.9	-55.5665
72	-55.7912
72.1	-56.0566
72.2	-56.3523
72.3	-56.67
72.4	-57.0016
72.5	-56.3195
72.6	-55.9123
72.7	-55.6966
72.8	-55.6228
72.9	-55.6568
73	-55.7746
73.1	-55.9574
73.2	-56.1897
73.3	-56.4594
73.4	-56.7561
73.5	-57.0703
73.6	-57.3948
73.7	-57.7236
73.8	-58.0518
73.9	-58.3759
74	-58.6927
74.1	-59.0005
74.2	-59.2975
74.3	-59.5829
74.4	-59.8563
74.5	-60.1172
74.6	-60.3657
74.7	-60.6021
74.8	-60.8264
74.9	-61.0391
75	-61.2407
75.1	-61.4314
75.2	-61.6119
75.3	-61.7825
75.4	-61.9439
75.5	-62.0964
75.6	-62.2404
75.7	-62.3765
75.8	-62.5051
75.9	-62.6265
76	-62.7412
76.1	-62.8495
76.2	-62.9518
76.3	-63.0484
76.4	-63.1396
76.5	-63.2257
76.6	-63.307
76.7	-63.3839
76.8	-63.4565
76.9	-63.5251
77	-63.5898
77.1	-63.6509
77.2	-63.7086
77.3	-63.7631
77.4	-63.8146
77.5	-63.8632
77.6	-63.9091
77.7	-63.9525
77.8	-63.9934
77.9	-64.0322
78	-64.0687
78.1	-64.1033
78.2	-64.1359
78.3	-64.1668
78.4	-64.1959
78.5	-64.2234
78.6	-64.2494
78.7	-64.274
78.8	-64.2971
78.9	-64.319
79	-64.3397
79.1	-64.3592
79.2	-64.3777
79.3	-64.3951
79.4	-64.4116
79.5	-64.4271
79.6	-64.4418
79.7	-64.4557
79.8	-64.4688
79.9	-64.4812
80	-64.4929
80.1	-64.5039
80.2	-64.5144
80.3	-64.5242
80.4	-64.5335
80.5	-64.5424
80.6	-64.5507
80.7	-64.5586
80.8	-64.566
80.9	-64.573
81	-64.5797
81.1	-64.586
81.2	-64.5919
81.3	-64.5975
81.4	-64.6029
81.5	-64.6079
81.6	-64.6126
81.7	-64.6171
81.8	-64.6214
81.9	-64.6254
82	-64.6292
82.1	-64.6328
82.2	-64.6362
82.3	-64.6395
82.4	-64.6425
82.5	-64.6454
82.6	-64.6481
82.7	-64.6507
82.8	-64.6532
82.9	-64.6555
83	-64.6577
83.1	-64.6598
83.2	-64.6618
83.3	-64.6637
83.4	-64.6655
83.5	-64.6672
83.6	-64.6688
83.7	-64.6703
83.8	-64.6718
83.9	-64.6731
84	-64.6745
84.1	-64.6757
84.2	-64.6769
84.3	-64.678
84.4	-64.6791
84.5	-64.6801
84.6	-64.6811
84.7	-64.682
84.8	-64.6829
84.9	-64.6837
85	-64.6845
85.1	-64.6853
85.2	-64.686
85.3	-64.6867
85.4	-64.6874
85.5	-64.688
85.6	-64.6886
85.7	-64.6892
85.8	-64.6898
85.9	-64.6903
86	-64.6908
86.1	-64.6913
86.2	-64.6918
86.3	-64.6922
86.4	-64.6926
86.5	-64.6931
86.6	-64.6935
86.7	-64.6938
86.8	-64.6942
86.9	-64.6945
87	-64.6949
87.1	-64.6952
87.2	-64.6955
87.3	-64.6958
87.4	-64.6961
87.5	-64.6964
87.6	-64.6967
87.7	-64.6969
87.8	-64.6972
87.9	-64.6974
88	-64.6977
88.1	-64.6979
88.2	-64.6981
88.3	-64.6983
88.4	-64.6985
88.5	-64.6987
88.6	-64.6989
88.7	-64.6991
88.8	-64.6993
88.9	-64.6995
89	-64.6997
89.1	-64.6998
89.2	-64.7
89.3	-64.7001
89.4	-64.7003
89.5	-64.7004
89.6	-64.7006
89.7	-64.7007
89.8	-64.7008
89.9	-64.701
90	-64.7011
90.1	-64.7012
90.2	-64.7013
90.3	-64.7015
90.4	-64.7016
90.5	-64.7017
90.6	-64.7018
90.7	-64.7019
90.8	-64.702
90.9	-64.7021
91	-64.7022
91.1	-64.7023
91.2	-64.7023
91.3	-64.7024
91.4	-64.7025
91.5	-64.7026
91.6	-64.7027
91.7	-64.7027
91.8	-64.7028
91.9	-64.7029
92	-64.7029
92.1	-64.703
92.2	-64.7031
92.3	-64.7031
92.4	-64.7032
92.5	-64.7032
92.6	-64.7033
92.7	-64.7033
92.8	-64.7034
92.9	-64.7034
93	-64.7035
93.1	-64.7035
93.2	-64.7036
93.3	-64.7036
93.4	-64.7037
93.5	-64.7037
93.6	-64.7037
93.7	-64.7038
93.8	-64.7038
93.9	-64.7038
94	-64.7038
94.1	-64.7039
94.2	-64.7039
94.3	-64.7039
94.4	-64.7039
94.5	-64.704
94.6	-64.704
94.7	-64.704
94.8	-64.704
94.9	-64.704
95	-64.704
95.1	-64.7041
95.2	-64.7041
95.3	-64.7041
95.4	-64.7041
95.5	-64.7041
95.6	-64.7041
95.7	-64.7041
95.8	-64.7041
95.9	-64.7041
96	-64.7041
96.1	-64.7041
96.2	-64.7041
96.3	-64.7041
96.4	-64.7041
96.5	-64.7041
96.6	-64.7041
96.7	-64.704
96.8	-64.704
96.9	-64.704
97	-64.704
97.1	-64.704
97.2	-64.704
97.3	-64.704
97.4	-64.704
97.5	-64.7039
97.6	-64.7039
97.7	-64.7039
97.8	-64.7039
97.9	-64.7038
98	-64.7038
98.1	-64.7038
98.2	-64.7038
98.3	-64.7038
98.4	-64.7037
98.5	-64.7037
98.6	-64.7037
98.7	-64.7036
98.8	-64.7036
98.9	-64.7036
99	-64.7035
99.1	-64.7035
99.2	-64.7035
99.3	-64.7034
99.4	-64.7034
99.5	-64.7034
99.6	-64.7033
99.7	-64.7033
99.8	-64.7032
99.9	-64.7032
100	-64.7032
100.1	-64.7031
100.2	-64.7031
100.3	-64.703
100.4	-64.703
100.5	-64.7029
100.6	-64.7029
100.7	-64.7029
100.8	-64.7028
100.9	-64.7028
101	-64.7027
101.1	-64.7027
101.2	-64.7026
101.3	-64.7026
101.4	-64.7025
101.5	-64.7025
101.6	-64.7024
101.7	-64.7024
101.8	-64.7023
101.9	-64.7022
102	-64.7022
102.1	-64.7021
102.2	-64.7021
102.3	-64.702
102.4	-64.702
102.5	-64.7019
102.6	-64.7019
102.7	-64.7018
102.8	-64.7017
102.9	-64.7017
103	-64.7016
103.1	-64.7016
103.2	-64.7015
103.3	-64.7014
103.4	-64.7014
103.5	-64.7013
103.6	-64.7012
103.7	-64.7012
103.8	-64.7011
103.9	-64.701
104	-64.701
104.1	-64.7009
104.2	-64.7009
104.3	-64.7008
104.4	-64.7007
104.5	-64.7006
104.6	-64.7006
104.7	-64.7005
104.8	-64.7004
104.9	-64.7004
105	-64.7003
105.1	-64.7002
105.2	-64.7002
105.3	-64.7001
105.4	-64.7
105.5	-64.7
105.6	-64.6999
105.7	-64.6998
105.8	-64.6997
105.9	-64.6997
106	-64.6996
106.1	-64.6995
106.2	-64.6994
106.3	-64.6994
106.4	-64.6993
106.5	-64.6992
106.6	-64.6991
106.7	-64.6991
106.8	-64.699
106.9	-64.6989
107	-64.6988
107.1	-64.6988
107.2	-64.6987
107.3	-64.6986
107.4	-64.6985
107.5	-64.6984
107.6	-64.6984
107.7	-64.6983
107.8	-64.6982
107.9	-64.6981
108	-64.698
108.1	-64.698
108.2	-64.6979
108.3	-64.6978
108.4	-64.6977
108.5	-64.6976
108.6	-64.6976
108.7	-64.6975
108.8	-64.6974
108.9	-64.6973
109	-64.6972
109.1	-64.6971
109.2	-64.6971
109.3	-64.697
109.4	-64.6969
109.5	-64.6968
109.6	-64.6967
109.7	-64.6966
109.8	-64.6966
109.9	-64.6965
110	-64.6964
